rows: 8640
rows with min_entry_equity <= 0: 452
rows with min_entry_equity < 0: 452
rows with min_entry_equity == 0: 0

min_entry_equity quantiles: min=-4.98 p1=-4.11 p5=-0.23 median=1532.20 max=29995.00

=== violating-row corroboration (flip path) ===
all violating rows have flip_exits >= 1: True
all violating rows have episodes == signals_entered: True
violating-row halted counter: Counter({1: 452})
violating-row margin_calls>0 counter: Counter({True: 452})
violating-row min_entry_equity range: (-4.9848, -0.0230)
non-violating rows with flip_exits >= 1: 8174/8188

=== violating rows (min_entry_equity <= 0) ===
BNBUSDT 5m brick0p5_rsi7 0.005 7 0.01 1.0 0.02 0.05 -4.664393 -6.193299 -30006.193299 14493.108959 82.16983 731.0 2181.0 171.0 1 731.0 21879.0 9.972876
BNBUSDT 5m brick0p5_rsi7 0.005 7 0.01 1.0 0.02 0.1 -4.664393 -6.193299 -30006.193299 14493.108959 82.16983 731.0 2181.0 171.0 1 731.0 21879.0 9.972876
BNBUSDT 5m brick0p5_rsi7 0.005 7 0.01 1.1 0.02 0.05 -1.581662 -23.647592 -30023.647592 13223.23492 69.961531 650.0 1909.0 150.0 1 650.0 18857.0 9.958053
BNBUSDT 5m brick0p5_rsi7 0.005 7 0.01 1.1 0.02 0.1 -1.581662 -23.647592 -30023.647592 13223.23492 69.961531 650.0 1909.0 150.0 1 650.0 18857.0 9.958053
BNBUSDT 5m brick0p5_rsi7 0.005 7 0.01 1.1 0.03 0.05 -4.694372 -44.584004 -30044.584004 14254.950339 53.456894 677.0 2032.0 152.0 1 677.0 22205.0 9.999963
BNBUSDT 5m brick0p5_rsi7 0.005 7 0.01 1.1 0.03 0.1 -4.694372 -44.584004 -30044.584004 14254.950339 53.456894 677.0 2032.0 152.0 1 677.0 22205.0 9.999963
BNBUSDT 5m brick0p5_rsi7 0.005 7 0.02 1.0 0.03 0.05 -1.576363 -25.605717 -30025.605717 31007.843471 119.959494 2853.0 5954.0 93.0 1 2853.0 125989.0 9.835974
BNBUSDT 5m brick0p5_rsi7 0.005 7 0.02 1.0 0.03 0.1 -1.576363 -25.605717 -30025.605717 31007.843471 119.959494 2853.0 5954.0 93.0 1 2853.0 125989.0 9.835974
BNBUSDT 5m brick0p5_rsi7 0.005 7 0.03 1.0 0.03 0.05 -2.170291 -22.224217 -30022.224217 33226.46456 173.896751 3285.0 6608.0 81.0 1 3285.0 183763.0 9.899351
BNBUSDT 5m brick0p5_rsi7 0.005 7 0.03 1.0 0.03 0.1 -2.170291 -22.224217 -30022.224217 33226.46456 173.896751 3285.0 6608.0 81.0 1 3285.0 183763.0 9.899351
BNBUSDT 5m brick0p5_rsi7 0.005 7 0.04 1.1 0.03 0.1 -4.274382 -27.152446 -30027.152446 32781.741317 174.080305 3272.0 6550.0 81.0 1 3272.0 181743.0 9.798184
BNBUSDT 5m brick0p5_rsi14 0.005 14 0.01 1.0 0.03 0.05 -1.024966 -72.871783 -30072.871783 16682.511103 159.380685 730.0 2399.0 146.0 1 730.0 25729.0 9.988822
BNBUSDT 5m brick0p5_rsi14 0.005 14 0.01 1.0 0.03 0.1 -1.024966 -72.871783 -30072.871783 16682.511103 159.380685 730.0 2399.0 146.0 1 730.0 25729.0 9.988822
BNBUSDT 5m brick0p5_rsi14 0.005 14 0.02 1.0 0.02 0.05 -4.685048 -61.943708 -30061.943708 24419.406851 0.654553 2253.0 4695.0 66.0 1 2253.0 83073.0 9.959744
BNBUSDT 5m brick0p5_rsi14 0.005 14 0.02 1.0 0.02 0.1 -4.685048 -61.943708 -30061.943708 24419.406851 0.654553 2253.0 4695.0 66.0 1 2253.0 83073.0 9.959744
BNBUSDT 5m brick0p5_rsi14 0.005 14 0.02 1.0 0.03 0.05 -1.984301 -3.636386 -30003.636386 37437.439919 150.482251 3463.0 7207.0 170.0 1 3463.0 195105.0 9.74223
BNBUSDT 5m brick0p5_rsi14 0.005 14 0.02 1.0 0.03 0.1 -1.984301 -3.636386 -30003.636386 37437.439919 150.482251 3463.0 7207.0 170.0 1 3463.0 195105.0 9.74223
BNBUSDT 5m brick0p5_rsi14 0.005 14 0.02 1.1 0.01 0.05 -2.999534 -0.678049 -30000.678049 39938.21684 105.003826 3695.0 7661.0 107.0 1 3695.0 137634.0 9.976588
BNBUSDT 5m brick0p5_rsi14 0.005 14 0.02 1.1 0.01 0.1 -2.999534 -0.678049 -30000.678049 39938.21684 105.003826 3695.0 7661.0 107.0 1 3695.0 137634.0 9.976588
BNBUSDT 5m brick0p5_rsi14 0.005 14 0.02 1.1 0.02 0.05 -4.419028 -61.677688 -30061.677688 24616.13199 -2.185155 2253.0 4695.0 69.0 1 2253.0 82963.0 9.955169
BNBUSDT 5m brick0p5_rsi14 0.005 14 0.02 1.1 0.02 0.1 -4.419028 -61.677688 -30061.677688 24616.13199 -2.185155 2253.0 4695.0 69.0 1 2253.0 82963.0 9.955169
BNBUSDT 5m brick0p5_rsi14 0.005 14 0.03 1.0 0.02 0.05 -0.177553 -0.66375 -30000.66375 24969.713578 55.239881 2467.0 4964.0 79.0 1 2467.0 97050.0 9.940635
BNBUSDT 5m brick0p5_rsi14 0.005 14 0.03 1.0 0.02 0.1 -0.177553 -0.66375 -30000.66375 24969.713578 55.239881 2467.0 4964.0 79.0 1 2467.0 97050.0 9.940635
BNBUSDT 5m brick0p5_rsi14 0.005 14 0.03 1.1 0.03 0.05 -1.609781 -65.51978 -30065.51978 32805.382654 166.407404 3242.0 6519.0 59.0 1 3242.0 189286.0 9.754771
BNBUSDT 5m brick0p5_rsi14 0.005 14 0.03 1.1 0.03 0.1 -1.609781 -65.51978 -30065.51978 32805.382654 166.407404 3242.0 6519.0 59.0 1 3242.0 189286.0 9.754771
BNBUSDT 5m brick0p5_rsi14 0.005 14 0.04 1.0 0.03 0.05 -0.467508 -9.746314 -30009.746314 32468.275998 164.861483 3240.0 6487.0 63.0 1 3240.0 188827.0 9.998182
BNBUSDT 5m brick0p5_rsi14 0.005 14 0.04 1.0 0.03 0.1 -3.119181 -12.397987 -30012.397987 32468.29215 164.861483 3240.0 6487.0 63.0 1 3240.0 188819.0 9.989792
BNBUSDT 5m brick0p5_rsi21 0.005 21 0.02 1.1 0.01 0.05 -3.220669 -6.51764 -30006.51764 39701.284042 106.046053 3671.0 7613.0 104.0 1 3671.0 137116.0 9.963454
BNBUSDT 5m brick0p5_rsi21 0.005 21 0.02 1.1 0.01 0.1 -3.220669 -6.51764 -30006.51764 39701.284042 106.046053 3671.0 7613.0 104.0 1 3671.0 137116.0 9.963454
BNBUSDT 5m brick0p5_rsi21 0.005 21 0.03 1.0 0.03 0.05 -2.840672 -7.190951 -30007.190951 27789.775286 91.340551 2750.0 5529.0 86.0 1 2750.0 126635.0 9.837825
BNBUSDT 5m brick0p5_rsi21 0.005 21 0.03 1.0 0.03 0.1 -2.840672 -7.190951 -30007.190951 27789.775286 91.340551 2750.0 5529.0 86.0 1 2750.0 126635.0 9.837825
BNBUSDT 5m brick0p5_rsi21 0.005 21 0.03 1.1 0.03 0.05 -1.969455 -13.683869 -30013.683869 27859.903526 91.340551 2754.0 5537.0 90.0 1 2754.0 126633.0 9.989275
BNBUSDT 5m brick0p5_rsi21 0.005 21 0.03 1.1 0.03 0.1 -1.969455 -13.683869 -30013.683869 27859.903526 91.340551 2754.0 5537.0 90.0 1 2754.0 126633.0 9.989275
BNBUSDT 5m brick0p5_rsi21 0.005 21 0.04 1.0 0.03 0.05 -1.287158 -1.268139 -30001.268139 27529.169995 92.254962 2748.0 5501.0 88.0 1 2748.0 126231.0 9.815105
BNBUSDT 5m brick0p5_rsi21 0.005 21 0.04 1.1 0.01 0.05 -3.743394 -39.975734 -30039.975734 22724.434493 76.621168 2267.0 4539.0 70.0 1 2267.0 59576.0 9.973242
BNBUSDT 5m brick0p5_rsi21 0.005 21 0.04 1.1 0.03 0.05 -2.135847 -9.697787 -30009.697787 27494.163968 92.254962 2744.0 5493.0 84.0 1 2744.0 126228.0 9.936615
BNBUSDT 5m brick1_rsi7 0.01 7 0.01 1.0 0.02 0.05 -3.077181 -42.830893 -30042.830893 17867.884602 386.640014 551.0 2337.0 280.0 1 551.0 19851.0 9.99432
BNBUSDT 5m brick1_rsi7 0.01 7 0.01 1.0 0.02 0.1 -3.077181 -42.830893 -30042.830893 17867.884602 386.640014 551.0 2337.0 280.0 1 551.0 19851.0 9.99432
BNBUSDT 5m brick1_rsi7 0.01 7 0.02 1.0 0.03 0.05 -0.548222 -13.868832 -30013.868832 14052.405051 84.439002 628.0 2034.0 102.0 1 628.0 49156.0 9.996325
BNBUSDT 5m brick1_rsi7 0.01 7 0.02 1.0 0.03 0.1 -0.548222 -13.868832 -30013.868832 14052.405051 84.439002 628.0 2034.0 102.0 1 628.0 49156.0 9.996325
BNBUSDT 5m brick1_rsi7 0.01 7 0.02 1.1 0.02 0.1 -4.747829 -34.12901 -30034.12901 17869.268536 165.221367 820.0 2516.0 162.0 1 820.0 53737.0 9.991071
BNBUSDT 5m brick1_rsi7 0.01 7 0.03 1.0 0.03 0.1 -1.870453 -0.599497 -30000.599497 24756.482258 182.08341 1933.0 4408.0 144.0 1 1933.0 265382.0 9.964394
BNBUSDT 5m brick1_rsi14 0.01 14 0.02 1.0 0.01 0.05 -4.970688 -10.146795 -30010.146795 25750.007791 -17.224119 1401.0 3976.0 162.0 1 1401.0 83360.0 9.996595
BNBUSDT 5m brick1_rsi14 0.01 14 0.02 1.0 0.01 0.1 -4.970688 -10.146795 -30010.146795 25750.007791 -17.224119 1401.0 3976.0 162.0 1 1401.0 83360.0 9.996595
BNBUSDT 5m brick1_rsi14 0.01 14 0.02 1.0 0.02 0.05 -1.327165 -3.901863 -30003.901863 31542.155841 -45.048604 1676.0 4830.0 267.0 1 1676.0 173826.0 9.972653
BNBUSDT 5m brick1_rsi14 0.01 14 0.02 1.0 0.02 0.1 -1.327165 -3.901863 -30003.901863 31542.155841 -45.048604 1676.0 4830.0 267.0 1 1676.0 173826.0 9.972653
BNBUSDT 5m brick1_rsi14 0.01 14 0.02 1.1 0.02 0.05 -1.963147 -4.537845 -30004.537845 32336.359869 -53.915369 1676.0 4765.0 280.0 1 1676.0 173360.0 9.999979
BNBUSDT 5m brick1_rsi14 0.01 14 0.02 1.1 0.02 0.1 -1.963147 -4.537845 -30004.537845 32336.359869 -53.915369 1676.0 4765.0 280.0 1 1676.0 173360.0 9.999979
BNBUSDT 5m brick1_rsi14 0.01 14 0.03 1.1 0.01 0.05 -3.596746 -7.02864 -30007.02864 28189.780223 301.988978 2268.0 5036.0 130.0 1 2268.0 158761.0 27.564687
BNBUSDT 5m brick1_rsi14 0.01 14 0.03 1.1 0.02 0.05 -0.463113 -38.439644 -30038.439644 31681.301146 347.555156 2439.0 5540.0 86.0 1 2439.0 287075.0 9.98692
BNBUSDT 5m brick1_rsi21 0.01 21 0.01 1.0 0.03 0.05 -0.757019 -11.968295 -30011.968295 20239.944667 265.063763 480.0 2504.0 232.0 1 480.0 23975.0 9.9927
BNBUSDT 5m brick1_rsi21 0.01 21 0.01 1.0 0.03 0.1 -0.757019 -11.968295 -30011.968295 20239.944667 265.063763 480.0 2504.0 232.0 1 480.0 23975.0 9.9927
BNBUSDT 5m brick1_rsi21 0.01 21 0.01 1.1 0.01 0.05 -1.590212 -34.288425 -30034.288425 19996.009107 171.456417 574.0 2431.0 206.0 1 574.0 10944.0 9.99583
BNBUSDT 5m brick1_rsi21 0.01 21 0.01 1.1 0.01 0.1 -1.590212 -34.288425 -30034.288425 19996.009107 171.456417 574.0 2431.0 206.0 1 574.0 10944.0 9.99583
BNBUSDT 5m brick1_rsi21 0.01 21 0.01 1.1 0.03 0.05 -4.111392 -11.828824 -30011.828824 23470.195634 293.034175 517.0 2678.0 241.0 1 517.0 25399.0 9.996817
BNBUSDT 5m brick1_rsi21 0.01 21 0.01 1.1 0.03 0.1 -4.111392 -11.828824 -30011.828824 23470.195634 293.034175 517.0 2678.0 241.0 1 517.0 25399.0 9.996817
BNBUSDT 5m brick1_rsi21 0.01 21 0.02 1.0 0.03 0.05 -3.974698 -75.585615 -30075.585615 12387.207312 -101.207022 600.0 1839.0 117.0 1 600.0 43251.0 9.975334
BNBUSDT 5m brick1_rsi21 0.01 21 0.02 1.0 0.03 0.1 -3.974698 -75.585615 -30075.585615 12387.207312 -101.207022 600.0 1839.0 117.0 1 600.0 43251.0 9.975334
BNBUSDT 5m brick1_rsi21 0.01 21 0.03 1.0 0.03 0.05 -4.481727 -20.811588 -30020.811588 30251.676646 -19.091555 2394.0 5419.0 134.0 1 2394.0 328437.0 9.915677
BNBUSDT 5m brick1_rsi21 0.01 21 0.03 1.1 0.03 0.1 -2.514357 -19.021229 -30019.021229 31629.00997 20.624487 2448.0 5545.0 74.0 1 2448.0 349177.0 9.986042
BNBUSDT 5m brick2_rsi7 0.02 7 0.01 1.0 0.02 0.05 -1.572162 -101.075744 -30101.075744 17417.600761 71.217601 479.0 2220.0 285.0 1 479.0 25111.0 9.993508
BNBUSDT 5m brick2_rsi7 0.02 7 0.01 1.0 0.02 0.1 -1.572162 -101.075744 -30101.075744 17417.600761 71.217601 479.0 2220.0 285.0 1 479.0 25111.0 9.993508
BNBUSDT 5m brick2_rsi7 0.02 7 0.01 1.1 0.01 0.05 -2.681885 -7001.536053 -37001.536053 19265.518777 15.204569 669.0 2467.0 303.0 1 669.0 18241.0 9.998945
BNBUSDT 5m brick2_rsi7 0.02 7 0.01 1.1 0.01 0.1 -2.681885 -7001.536053 -37001.536053 19265.518777 15.204569 669.0 2467.0 303.0 1 669.0 18241.0 9.998945
BNBUSDT 5m brick2_rsi7 0.02 7 0.03 1.1 0.02 0.05 -3.617196 -21.679673 -30021.679673 11296.016204 137.320645 457.0 1526.0 221.0 1 457.0 42449.0 16.778846
BNBUSDT 5m brick2_rsi7 0.02 7 0.04 1.0 0.02 0.1 -3.851269 -46.578766 -30046.578766 10037.484062 261.766775 502.0 1506.0 111.0 1 502.0 86804.0 9.996752
BNBUSDT 5m brick2_rsi7 0.02 7 0.04 1.0 0.03 0.05 -0.703126 -14.348332 -30014.348332 6919.804142 142.402295 338.0 1030.0 108.0 1 338.0 56102.0 11.896388
BNBUSDT 5m brick2_rsi14 0.02 14 0.04 1.0 0.02 0.05 -1.028031 -1.492632 -30001.492632 9514.670371 248.193309 512.0 1464.0 105.0 1 512.0 104660.0 9.961677
BNBUSDT 5m brick2_rsi14 0.02 14 0.04 1.0 0.02 0.1 -1.028031 -1.492632 -30001.492632 9514.670371 248.193309 512.0 1464.0 105.0 1 512.0 104660.0 9.961677
BNBUSDT 5m brick2_rsi14 0.02 14 0.04 1.1 0.02 0.05 -2.330136 -4.020331 -30004.020331 11711.899949 310.022307 601.0 1721.0 183.0 1 601.0 105746.0 9.990331
BNBUSDT 5m brick2_rsi14 0.02 14 0.04 1.1 0.02 0.1 -2.330136 -4.020331 -30004.020331 11711.899949 310.022307 601.0 1721.0 183.0 1 601.0 105746.0 9.990331
BNBUSDT 5m brick2_rsi21 0.02 21 0.02 1.0 0.02 0.05 -2.200763 -40.169113 -30040.169113 6782.661684 12.934501 293.0 972.0 177.0 1 293.0 15416.0 9.985651
BNBUSDT 5m brick2_rsi21 0.02 21 0.02 1.0 0.02 0.1 -2.200763 -40.169113 -30040.169113 6782.661684 12.934501 293.0 972.0 177.0 1 293.0 15416.0 9.985651
BNBUSDT 5m brick2_rsi21 0.02 21 0.02 1.1 0.02 0.05 -0.459631 -38.427981 -30038.427981 6946.014627 12.997973 293.0 951.0 174.0 1 293.0 15803.0 9.990354
BNBUSDT 5m brick2_rsi21 0.02 21 0.02 1.1 0.02 0.1 -0.459631 -38.427981 -30038.427981 6946.014627 12.997973 293.0 951.0 174.0 1 293.0 15803.0 9.990354
BNBUSDT 5m brick2_rsi21 0.02 21 0.03 1.1 0.02 0.05 -4.188122 -40.330297 -30040.330297 7006.419566 25.179763 323.0 990.0 139.0 1 323.0 31063.0 9.973241
BNBUSDT 5m brick2_rsi21 0.02 21 0.03 1.1 0.02 0.1 -4.188122 -40.330297 -30040.330297 7006.419566 25.179763 323.0 990.0 139.0 1 323.0 31063.0 9.973241
BNBUSDT 5m brick2_rsi21 0.02 21 0.04 1.1 0.03 0.05 -0.022983 -14.156783 -30014.156783 7919.015081 0.121417 409.0 1167.0 131.0 1 409.0 102145.0 9.926136
BNBUSDT 15m brick0p5_rsi7 0.005 7 0.01 1.1 0.01 0.05 -3.980481 -1.56134 -30001.56134 41170.302075 97.804454 1760.0 5637.0 210.0 1 1760.0 17090.0 9.991397
BNBUSDT 15m brick0p5_rsi7 0.005 7 0.01 1.1 0.01 0.1 -3.980481 -1.56134 -30001.56134 41170.302075 97.804454 1760.0 5637.0 210.0 1 1760.0 17090.0 9.991397
BNBUSDT 15m brick0p5_rsi7 0.005 7 0.02 1.0 0.01 0.05 -0.048406 -0.301401 -30000.301401 61217.766235 -38.028473 5510.0 11632.0 90.0 1 5510.0 89833.0 9.821871
BNBUSDT 15m brick0p5_rsi7 0.005 7 0.03 1.1 0.01 0.05 -0.687079 -1.838755 -30001.838755 44769.959021 -27.703959 4394.0 8863.0 224.0 1 4394.0 67808.0 9.979179
BNBUSDT 15m brick0p5_rsi7 0.005 7 0.04 1.0 0.01 0.1 -4.759384 -18.828437 -30018.828437 50139.121056 -34.817934 4990.0 10004.0 202.0 1 4990.0 80377.0 9.907957
BNBUSDT 15m brick0p5_rsi7 0.005 7 0.04 1.1 0.01 0.1 -3.39386 -19.328492 -30019.328492 50778.740869 -33.483264 5051.0 10126.0 232.0 1 5051.0 80828.0 9.902451
BNBUSDT 15m brick0p5_rsi21 0.005 21 0.01 1.0 0.02 0.05 -3.234326 -10.298439 -30010.298439 21116.845373 115.268188 917.0 3029.0 126.0 1 917.0 12362.0 9.968757
BNBUSDT 15m brick0p5_rsi21 0.005 21 0.01 1.0 0.02 0.1 -3.234326 -10.298439 -30010.298439 21116.845373 115.268188 917.0 3029.0 126.0 1 917.0 12362.0 9.968757
BNBUSDT 15m brick0p5_rsi21 0.005 21 0.01 1.1 0.03 0.05 -0.879344 -40.209087 -30040.209087 22355.785608 9.032484 922.0 3023.0 153.0 1 922.0 13950.0 9.972479
BNBUSDT 15m brick0p5_rsi21 0.005 21 0.01 1.1 0.03 0.1 -0.879344 -40.209087 -30040.209087 22355.785608 9.032484 922.0 3023.0 153.0 1 922.0 13950.0 9.972479
BNBUSDT 15m brick0p5_rsi21 0.005 21 0.03 1.0 0.01 0.1 -3.800757 -12.791201 -30012.791201 57367.020057 38.142516 5650.0 11387.0 69.0 1 5650.0 93846.0 9.933953
BNBUSDT 15m brick1_rsi7 0.01 7 0.02 1.1 0.01 0.05 -0.754572 -85.147537 -30085.147537 27304.608039 163.043344 1363.0 3964.0 134.0 1 1363.0 32085.0 9.983915
BNBUSDT 15m brick1_rsi14 0.01 14 0.01 1.1 0.02 0.05 -2.776915 -13.635733 -30013.635733 12342.21377 3.13728 383.0 1522.0 212.0 1 383.0 5328.0 9.945371
BNBUSDT 15m brick1_rsi14 0.01 14 0.01 1.1 0.02 0.1 -2.776915 -13.635733 -30013.635733 12342.21377 3.13728 383.0 1522.0 212.0 1 383.0 5328.0 9.945371
BNBUSDT 15m brick1_rsi14 0.01 14 0.02 1.1 0.03 0.1 -4.279669 -29.300787 -30029.300787 16151.714842 -194.553312 746.0 2276.0 210.0 1 746.0 23347.0 9.947162
BNBUSDT 15m brick1_rsi21 0.01 21 0.01 1.1 0.01 0.05 -1.001996 -44.804371 -30044.804371 22509.808168 -45.781783 753.0 2833.0 297.0 1 753.0 6236.0 9.962179
BNBUSDT 15m brick1_rsi21 0.01 21 0.01 1.1 0.01 0.1 -1.001996 -44.804371 -30044.804371 22509.808168 -45.781783 753.0 2833.0 297.0 1 753.0 6236.0 9.962179
BNBUSDT 15m brick1_rsi21 0.01 21 0.01 1.1 0.02 0.05 -2.929946 -1.406535 -30001.406535 14204.145479 34.624386 405.0 1713.0 209.0 1 405.0 5890.0 9.98507
BNBUSDT 15m brick1_rsi21 0.01 21 0.01 1.1 0.02 0.1 -2.929946 -1.406535 -30001.406535 14204.145479 34.624386 405.0 1713.0 209.0 1 405.0 5890.0 9.98507
BNBUSDT 15m brick1_rsi21 0.01 21 0.02 1.0 0.02 0.05 -3.474351 -4.414655 -30004.414655 20895.581272 -228.413563 1018.0 3107.0 101.0 1 1018.0 42120.0 17.091355
BNBUSDT 15m brick1_rsi21 0.01 21 0.02 1.1 0.03 0.1 -3.332827 -4.273131 -30004.273131 22690.890956 -279.642632 1018.0 3163.0 110.0 1 1018.0 55477.0 9.939983
BNBUSDT 15m brick2_rsi21 0.02 21 0.02 1.0 0.02 0.1 -4.410739 -1263.748517 -31263.748517 6559.056185 -58.429998 290.0 947.0 211.0 1 290.0 3689.0 9.972481
BNBUSDT 15m brick2_rsi21 0.02 21 0.04 1.0 0.03 0.1 -1.8535 -57.162841 -30057.162841 9367.70146 381.581632 481.0 1418.0 88.0 1 481.0 46336.0 9.992415
BNBUSDT 30m brick0p5_rsi14 0.005 14 0.01 1.1 0.02 0.05 -2.088637 -70.956952 -30070.956952 54771.245236 120.462506 2103.0 7205.0 164.0 1 2103.0 28101.0 25.262071
BNBUSDT 30m brick0p5_rsi21 0.005 21 0.01 1.0 0.02 0.1 -3.48885 -19.775887 -30019.775887 64728.522082 232.327405 2720.0 9193.0 261.0 1 2720.0 34498.0 9.995847
BNBUSDT 30m brick1_rsi7 0.01 7 0.02 1.0 0.01 0.05 -4.519782 -30.379518 -30030.379518 29807.58618 257.576267 1437.0 4418.0 97.0 1 1437.0 19936.0 9.991173
BNBUSDT 30m brick1_rsi7 0.01 7 0.02 1.1 0.01 0.1 -4.666555 -71.50896 -30071.50896 36343.310049 342.097743 1764.0 5221.0 151.0 1 1764.0 24220.0 9.906777
BNBUSDT 30m brick1_rsi14 0.01 14 0.01 1.0 0.03 0.05 -2.50408 -22.734168 -30022.734168 13205.693601 220.076667 310.0 1632.0 131.0 1 310.0 3896.0 9.987916
BNBUSDT 30m brick1_rsi14 0.01 14 0.01 1.0 0.03 0.1 -2.50408 -22.734168 -30022.734168 13205.693601 220.076667 310.0 1632.0 131.0 1 310.0 3896.0 9.987916
BNBUSDT 30m brick1_rsi21 0.01 21 0.02 1.1 0.02 0.05 -1.366382 -21.723437 -30021.723437 25754.052429 -263.734449 1116.0 3552.0 133.0 1 1116.0 24663.0 9.950522
BNBUSDT 30m brick2_rsi7 0.02 7 0.01 1.0 0.01 0.05 -0.29891 -1033.968421 -31033.968421 4189.080307 46.002289 116.0 536.0 53.0 1 116.0 532.0 9.993158
BNBUSDT 30m brick2_rsi7 0.02 7 0.02 1.0 0.03 0.1 -2.408063 -228.080127 -30228.080127 7281.73931 70.829372 250.0 980.0 140.0 1 250.0 5021.0 9.996756
BNBUSDT 30m brick2_rsi7 0.02 7 0.02 1.1 0.03 0.1 -3.052896 -230.289826 -30230.289826 7813.373068 50.037917 250.0 978.0 132.0 1 250.0 5633.0 9.953172
BNBUSDT 30m brick2_rsi7 0.02 7 0.04 1.0 0.02 0.05 -4.208485 -23.105065 -30023.105065 7047.880582 300.124024 395.0 1101.0 93.0 1 395.0 13565.0 39.496521
BNBUSDT 30m brick2_rsi14 0.02 14 0.01 1.0 0.03 0.05 -0.583547 -8.558491 -30008.558491 5471.390422 -7.785829 142.0 690.0 104.0 1 142.0 1245.0 9.971995
BNBUSDT 30m brick2_rsi14 0.02 14 0.01 1.0 0.03 0.1 -0.583547 -8.558491 -30008.558491 5471.390422 -7.785829 142.0 690.0 104.0 1 142.0 1245.0 9.971995
BNBUSDT 30m brick2_rsi14 0.02 14 0.02 1.0 0.01 0.05 -4.391846 -44.911868 -30044.911868 2897.911162 -9.465006 144.0 435.0 85.0 1 144.0 666.0 9.853844
BNBUSDT 30m brick2_rsi21 0.02 21 0.01 1.1 0.03 0.05 -0.318087 -45.849095 -30045.849095 7845.045659 -65.555974 238.0 952.0 178.0 1 238.0 3088.0 9.958469
BNBUSDT 30m brick2_rsi21 0.02 21 0.01 1.1 0.03 0.1 -0.318087 -45.849095 -30045.849095 7845.045659 -65.555974 238.0 952.0 178.0 1 238.0 3088.0 9.958469
BNBUSDT 1h brick0p5_rsi7 0.005 7 0.01 1.0 0.02 0.05 -2.927968 -2.934334 -30002.934334 77148.838997 535.220253 3001.0 10715.0 82.0 1 3001.0 25889.0 9.999573
BNBUSDT 1h brick0p5_rsi7 0.005 7 0.01 1.0 0.03 0.1 -2.370102 -135.166518 -30135.166518 77126.342629 781.372641 2932.0 10645.0 54.0 1 2932.0 29784.0 9.869148
BNBUSDT 1h brick0p5_rsi7 0.005 7 0.01 1.1 0.03 0.05 -0.753655 -11.82757 -30011.82757 88367.416359 817.940132 3151.0 11321.0 171.0 1 3151.0 30416.0 9.975008
BNBUSDT 1h brick1_rsi7 0.01 7 0.01 1.1 0.01 0.1 -4.738669 -113.928286 -30113.928286 15822.327319 54.653727 520.0 1959.0 115.0 1 520.0 2093.0 9.994916
BNBUSDT 1h brick1_rsi7 0.01 7 0.02 1.0 0.01 0.05 -2.783294 -71.304429 -30071.304429 28340.49339 -179.625897 1422.0 4256.0 89.0 1 1422.0 11256.0 15.050695
BNBUSDT 1h brick1_rsi14 0.01 14 0.01 1.0 0.01 0.1 -1.595679 -9.509831 -30009.509831 45189.07086 1018.866552 1151.0 5669.0 164.0 1 1151.0 6690.0 9.993737
BNBUSDT 1h brick1_rsi21 0.01 21 0.02 1.1 0.02 0.05 -1.038379 -102.212746 -30102.212746 23451.42543 76.208559 968.0 3175.0 129.0 1 968.0 11883.0 9.97921
BNBUSDT 1h brick2_rsi7 0.02 7 0.01 1.0 0.02 0.05 -4.94812 -4590.019418 -34590.019418 11434.477128 421.474687 249.0 1394.0 134.0 1 249.0 1349.0 13.851495
BNBUSDT 1h brick2_rsi7 0.02 7 0.01 1.0 0.02 0.1 -1.985704 -26.849924 -30026.849924 11682.395006 451.305636 248.0 1417.0 136.0 1 248.0 1373.0 9.9349
BNBUSDT 1h brick2_rsi7 0.02 7 0.01 1.1 0.02 0.1 -1.737187 -8.514621 -30008.514621 12094.14788 554.598882 208.0 1269.0 95.0 1 208.0 1364.0 9.954701
BNBUSDT 1h brick2_rsi14 0.02 14 0.01 1.0 0.02 0.05 -4.319172 -11.457734 -30011.457734 13301.732215 290.511291 315.0 1647.0 187.0 1 315.0 1952.0 10.625614
BNBUSDT 1h brick2_rsi14 0.02 14 0.02 1.1 0.02 0.1 -4.561619 -0.3821 -30000.3821 14758.997322 605.068076 337.0 1693.0 102.0 1 337.0 5005.0 9.994112
BNBUSDT 1h brick2_rsi14 0.02 14 0.02 1.1 0.03 0.1 -3.603698 -43.534139 -30043.534139 16340.553337 596.775765 367.0 1866.0 139.0 1 367.0 7929.0 9.974144
BNBUSDT 1h brick2_rsi14 0.02 14 0.03 1.1 0.03 0.1 -4.725134 -37.511208 -30037.511208 9688.069334 361.481886 327.0 1230.0 84.0 1 327.0 8864.0 59.567862
BNBUSDT 1h brick2_rsi21 0.02 21 0.02 1.0 0.02 0.1 -3.285595 -76.590135 -30076.590135 13832.408189 314.60975 369.0 1753.0 130.0 1 369.0 4842.0 9.98893
BNBUSDT 1h brick2_rsi21 0.02 21 0.02 1.0 0.03 0.1 -4.083051 -30.015589 -30030.015589 15128.847688 281.411301 376.0 1888.0 159.0 1 376.0 7317.0 9.990467
BNBUSDT 1h brick2_rsi21 0.02 21 0.03 1.1 0.03 0.05 -0.661345 -36.737966 -30036.737966 9449.019612 320.680682 373.0 1262.0 132.0 1 373.0 8587.0 17.168361
BTCUSDT 5m brick0p5_rsi14 0.005 14 0.01 1.1 0.02 0.05 -4.186931 -27.848927 -30027.848927 23362.425165 -35.012249 1010.0 3219.0 141.0 1 1010.0 38831.0 9.974849
BTCUSDT 5m brick0p5_rsi14 0.005 14 0.01 1.1 0.02 0.1 -4.186931 -27.848927 -30027.848927 23362.425165 -35.012249 1010.0 3219.0 141.0 1 1010.0 38831.0 9.974849
BTCUSDT 5m brick0p5_rsi14 0.005 14 0.04 1.1 0.01 0.05 -2.449326 -7.410421 -30007.410421 29170.281378 -13.244197 2907.0 5823.0 93.0 1 2907.0 143821.0 9.954275
BTCUSDT 5m brick0p5_rsi14 0.005 14 0.04 1.1 0.01 0.1 -2.449326 -7.410421 -30007.410421 29170.281378 -13.244197 2907.0 5823.0 93.0 1 2907.0 143821.0 9.954275
BTCUSDT 5m brick0p5_rsi21 0.005 21 0.01 1.0 0.03 0.05 -1.25193 -23.596584 -30023.596584 22652.635223 -80.310398 993.0 3259.0 129.0 1 993.0 43688.0 9.958579
BTCUSDT 5m brick0p5_rsi21 0.005 21 0.01 1.0 0.03 0.1 -1.25193 -23.596584 -30023.596584 22652.635223 -80.310398 993.0 3259.0 129.0 1 993.0 43688.0 9.958579
BTCUSDT 5m brick0p5_rsi21 0.005 21 0.02 1.0 0.02 0.05 -3.113487 -5.345582 -30005.345582 33025.359477 -79.856994 3042.0 6344.0 93.0 1 3042.0 205608.0 9.8584
BTCUSDT 5m brick0p5_rsi21 0.005 21 0.02 1.0 0.02 0.1 -3.113487 -5.345582 -30005.345582 33025.359477 -79.856994 3042.0 6344.0 93.0 1 3042.0 205608.0 9.8584
BTCUSDT 5m brick0p5_rsi21 0.005 21 0.03 1.0 0.02 0.05 -4.36855 -7.470641 -30007.470641 32993.421592 -96.974342 3267.0 6566.0 131.0 1 3267.0 212868.0 9.980828
BTCUSDT 5m brick0p5_rsi21 0.005 21 0.03 1.0 0.02 0.1 -4.36855 -7.470641 -30007.470641 32993.421592 -96.974342 3267.0 6566.0 131.0 1 3267.0 212868.0 9.980828
BTCUSDT 5m brick0p5_rsi21 0.005 21 0.04 1.0 0.01 0.05 -1.589531 -1.779897 -30001.779897 32444.026193 -73.927453 3235.0 6479.0 131.0 1 3235.0 153444.0 9.973788
BTCUSDT 5m brick0p5_rsi21 0.005 21 0.04 1.0 0.01 0.1 -1.589531 -1.779897 -30001.779897 32444.026193 -73.927453 3235.0 6479.0 131.0 1 3235.0 153444.0 9.973788
BTCUSDT 5m brick0p5_rsi21 0.005 21 0.04 1.0 0.03 0.05 -1.476076 -0.562956 -30000.562956 30054.643131 -68.387786 2996.0 6001.0 70.0 1 2996.0 223743.0 9.919928
BTCUSDT 5m brick0p5_rsi21 0.005 21 0.04 1.0 0.03 0.1 -1.476076 -0.562956 -30000.562956 30054.643131 -68.387786 2996.0 6001.0 70.0 1 2996.0 223743.0 9.919928
BTCUSDT 5m brick0p5_rsi21 0.005 21 0.04 1.1 0.01 0.05 -4.04142 -78.019415 -30078.019415 32582.899494 -73.927453 3248.0 6505.0 134.0 1 3248.0 153533.0 9.999935
BTCUSDT 5m brick0p5_rsi21 0.005 21 0.04 1.1 0.01 0.1 -4.04142 -78.019415 -30078.019415 32582.899494 -73.927453 3248.0 6505.0 134.0 1 3248.0 153533.0 9.999935
BTCUSDT 5m brick1_rsi7 0.01 7 0.01 1.0 0.03 0.05 -2.105884 -41.320147 -30041.320147 22010.95417 14.863234 456.0 2657.0 226.0 1 456.0 28287.0 9.999229
BTCUSDT 5m brick1_rsi7 0.01 7 0.01 1.0 0.03 0.1 -2.105884 -41.320147 -30041.320147 22010.95417 14.863234 456.0 2657.0 226.0 1 456.0 28287.0 9.999229
BTCUSDT 5m brick1_rsi7 0.01 7 0.02 1.0 0.03 0.05 -0.06412 -0.289248 -30000.289248 11240.288071 -34.319897 455.0 1579.0 91.0 1 455.0 40949.0 9.983916
BTCUSDT 5m brick1_rsi7 0.01 7 0.02 1.0 0.03 0.1 -0.06412 -0.289248 -30000.289248 11240.288071 -34.319897 455.0 1579.0 91.0 1 455.0 40949.0 9.983916
BTCUSDT 5m brick1_rsi14 0.01 14 0.01 1.1 0.01 0.05 -1.302238 -16.346502 -30016.346502 8689.570854 -1.418462 262.0 1072.0 137.0 1 262.0 6461.0 9.987585
BTCUSDT 5m brick1_rsi14 0.01 14 0.01 1.1 0.01 0.1 -1.302238 -16.346502 -30016.346502 8689.570854 -1.418462 262.0 1072.0 137.0 1 262.0 6461.0 9.987585
BTCUSDT 5m brick1_rsi14 0.01 14 0.02 1.1 0.03 0.05 -3.320825 -108.347964 -30108.347964 17254.072107 -49.049848 676.0 2305.0 135.0 1 676.0 78945.0 9.965855
BTCUSDT 5m brick1_rsi14 0.01 14 0.02 1.1 0.03 0.1 -3.320825 -108.347964 -30108.347964 17254.072107 -49.049848 676.0 2305.0 135.0 1 676.0 78945.0 9.965855
BTCUSDT 5m brick1_rsi21 0.01 21 0.01 1.1 0.03 0.05 -4.912648 -84.902211 -30084.902211 8233.300504 90.784328 165.0 924.0 102.0 1 165.0 8556.0 9.987042
BTCUSDT 5m brick1_rsi21 0.01 21 0.01 1.1 0.03 0.1 -4.912648 -84.902211 -30084.902211 8233.300504 90.784328 165.0 924.0 102.0 1 165.0 8556.0 9.987042
BTCUSDT 5m brick2_rsi7 0.02 7 0.01 1.1 0.01 0.05 -4.196865 -4.739974 -30004.739974 17790.34384 -13.467445 547.0 2201.0 273.0 1 547.0 14374.0 9.99971
BTCUSDT 5m brick2_rsi7 0.02 7 0.01 1.1 0.01 0.1 -4.196865 -4.739974 -30004.739974 17790.34384 -13.467445 547.0 2201.0 273.0 1 547.0 14374.0 9.99971
BTCUSDT 5m brick2_rsi7 0.02 7 0.01 1.1 0.02 0.05 -1.355178 -31.975145 -30031.975145 18317.406363 -7.302989 395.0 2082.0 234.0 1 395.0 24721.0 9.997576
BTCUSDT 5m brick2_rsi7 0.02 7 0.01 1.1 0.02 0.1 -1.355178 -31.975145 -30031.975145 18317.406363 -7.302989 395.0 2082.0 234.0 1 395.0 24721.0 9.997576
BTCUSDT 5m brick2_rsi7 0.02 7 0.02 1.1 0.02 0.05 -2.781921 -3.987575 -30003.987575 11969.060592 -43.482214 430.0 1557.0 216.0 1 430.0 54438.0 9.980982
BTCUSDT 5m brick2_rsi7 0.02 7 0.02 1.1 0.02 0.1 -2.781921 -3.987575 -30003.987575 11969.060592 -43.482214 430.0 1557.0 216.0 1 430.0 54438.0 9.980982
BTCUSDT 5m brick2_rsi14 0.02 14 0.01 1.0 0.02 0.05 -4.786589 -0.9592 -30000.9592 18318.923504 23.2844 438.0 2270.0 285.0 1 438.0 25340.0 9.993754
BTCUSDT 5m brick2_rsi14 0.02 14 0.01 1.0 0.02 0.1 -4.786589 -0.9592 -30000.9592 18318.923504 23.2844 438.0 2270.0 285.0 1 438.0 25340.0 9.993754
BTCUSDT 5m brick2_rsi14 0.02 14 0.01 1.0 0.03 0.05 -4.984793 -94.258114 -30094.258114 12946.520518 3.927383 254.0 1549.0 190.0 1 254.0 13293.0 9.997033
BTCUSDT 5m brick2_rsi14 0.02 14 0.01 1.0 0.03 0.1 -4.984793 -94.258114 -30094.258114 12946.520518 3.927383 254.0 1549.0 190.0 1 254.0 13293.0 9.997033
BTCUSDT 15m brick0p5_rsi7 0.005 7 0.01 1.1 0.02 0.05 -4.15715 -40.349201 -30040.349201 15405.006183 -40.473263 657.0 2106.0 212.0 1 657.0 9437.0 9.981002
BTCUSDT 15m brick0p5_rsi7 0.005 7 0.01 1.1 0.02 0.1 -4.15715 -40.349201 -30040.349201 15405.006183 -40.473263 657.0 2106.0 212.0 1 657.0 9437.0 9.981002
BTCUSDT 15m brick0p5_rsi7 0.005 7 0.02 1.1 0.03 0.05 -0.399463 -12.147585 -30012.147585 50449.128721 -92.213528 4366.0 9344.0 133.0 1 4366.0 144524.0 9.959339
BTCUSDT 15m brick0p5_rsi7 0.005 7 0.02 1.1 0.03 0.1 -4.721499 -19.681354 -30019.681354 49145.243094 -90.22172 4239.0 9086.0 77.0 1 4239.0 141164.0 9.999636
BTCUSDT 15m brick0p5_rsi7 0.005 7 0.03 1.0 0.02 0.1 -0.073916 -32.114453 -30032.114453 45513.779983 -95.283305 4459.0 9010.0 125.0 1 4459.0 135626.0 9.994442
BTCUSDT 15m brick0p5_rsi7 0.005 7 0.03 1.0 0.03 0.1 -0.043901 -11.249247 -30011.249247 42923.568353 -82.605051 4198.0 8490.0 67.0 1 4198.0 140405.0 9.990511
BTCUSDT 15m brick0p5_rsi7 0.005 7 0.04 1.0 0.01 0.05 -3.44573 -25.709485 -30025.709485 41542.408248 -89.798048 4132.0 8286.0 102.0 1 4132.0 89477.0 9.93959
BTCUSDT 15m brick0p5_rsi7 0.005 7 0.04 1.0 0.03 0.1 -0.284453 -0.14317 -30000.14317 41445.451163 -92.0163 4114.0 8258.0 67.0 1 4114.0 138286.0 9.271576
BTCUSDT 15m brick0p5_rsi7 0.005 7 0.04 1.1 0.01 0.05 -3.932629 -25.451896 -30025.451896 41533.892351 -89.168411 4129.0 8280.0 135.0 1 4129.0 88977.0 9.935304
BTCUSDT 15m brick0p5_rsi7 0.005 7 0.04 1.1 0.01 0.1 -4.259768 -21.827956 -30021.827956 45073.796362 -77.157363 4478.0 8982.0 123.0 1 4478.0 97225.0 9.999398
BTCUSDT 15m brick0p5_rsi14 0.005 14 0.02 1.0 0.03 0.05 -1.294337 -8.639034 -30008.639034 47064.01565 -159.504592 4155.0 8861.0 48.0 1 4155.0 140726.0 9.80016
BTCUSDT 15m brick0p5_rsi14 0.005 14 0.03 1.1 0.03 0.05 -2.096695 -18.925319 -30018.925319 44766.612013 -20.159041 4368.0 8834.0 118.0 1 4368.0 147811.0 9.829806
BTCUSDT 15m brick0p5_rsi14 0.005 14 0.04 1.0 0.01 0.05 -1.251586 -16.389056 -30016.389056 42560.382699 -90.843289 4234.0 8490.0 88.0 1 4234.0 87632.0 9.989693
BTCUSDT 15m brick0p5_rsi14 0.005 14 0.04 1.0 0.03 0.05 -4.071522 -19.031377 -30019.031377 42023.785248 -116.001912 4177.0 8379.0 86.0 1 4177.0 140171.0 9.745896
BTCUSDT 15m brick0p5_rsi14 0.005 14 0.04 1.1 0.01 0.05 -2.901074 -11.647439 -30011.647439 42562.288664 -90.843289 4232.0 8486.0 87.0 1 4232.0 87630.0 9.972926
BTCUSDT 15m brick0p5_rsi14 0.005 14 0.04 1.1 0.03 0.05 -2.042867 -17.002722 -30017.002722 42048.862591 -116.001912 4177.0 8379.0 86.0 1 4177.0 140170.0 9.804392
BTCUSDT 15m brick1_rsi7 0.01 7 0.01 1.1 0.01 0.05 -2.910443 -19.901551 -30019.901551 24420.135224 -12.91159 816.0 3083.0 271.0 1 816.0 12140.0 9.974171
BTCUSDT 15m brick1_rsi7 0.01 7 0.01 1.1 0.01 0.1 -2.910443 -19.901551 -30019.901551 24420.135224 -12.91159 816.0 3083.0 271.0 1 816.0 12140.0 9.974171
BTCUSDT 15m brick1_rsi7 0.01 7 0.02 1.0 0.03 0.05 -1.337341 -31.639008 -30031.639008 11764.652661 41.840543 528.0 1705.0 113.0 1 528.0 20485.0 9.992138
BTCUSDT 15m brick1_rsi7 0.01 7 0.02 1.0 0.03 0.1 -1.337341 -31.639008 -30031.639008 11764.652661 41.840543 528.0 1705.0 113.0 1 528.0 20485.0 9.992138
BTCUSDT 15m brick1_rsi14 0.01 14 0.01 1.0 0.02 0.05 -0.326808 -4.682004 -30004.682004 20856.332445 -34.0776 569.0 2655.0 261.0 1 569.0 12283.0 9.96329
BTCUSDT 15m brick1_rsi14 0.01 14 0.01 1.0 0.02 0.1 -0.326808 -4.682004 -30004.682004 20856.332445 -34.0776 569.0 2655.0 261.0 1 569.0 12283.0 9.96329
BTCUSDT 15m brick1_rsi14 0.01 14 0.01 1.1 0.03 0.05 -1.458077 -6.90187 -30006.90187 25499.802585 -8.284123 634.0 2983.0 308.0 1 634.0 17732.0 9.978436
BTCUSDT 15m brick1_rsi14 0.01 14 0.01 1.1 0.03 0.1 -1.458077 -6.90187 -30006.90187 25499.802585 -8.284123 634.0 2983.0 308.0 1 634.0 17732.0 9.978436
BTCUSDT 15m brick1_rsi14 0.01 14 0.02 1.0 0.02 0.05 -4.712311 -14.730282 -30014.730282 27267.929796 -209.935423 1375.0 4102.0 261.0 1 1375.0 69486.0 9.979476
BTCUSDT 15m brick1_rsi14 0.01 14 0.02 1.0 0.02 0.1 -4.712311 -14.730282 -30014.730282 27267.929796 -209.935423 1375.0 4102.0 261.0 1 1375.0 69486.0 9.979476
BTCUSDT 15m brick1_rsi21 0.01 21 0.01 1.0 0.01 0.05 -1.834739 -59.479271 -30059.479271 17063.558602 -37.867322 569.0 2275.0 201.0 1 569.0 5765.0 9.99385
BTCUSDT 15m brick1_rsi21 0.01 21 0.01 1.0 0.01 0.1 -1.834739 -59.479271 -30059.479271 17063.558602 -37.867322 569.0 2275.0 201.0 1 569.0 5765.0 9.99385
BTCUSDT 15m brick1_rsi21 0.01 21 0.01 1.1 0.03 0.05 -0.655997 -6.099789 -30006.099789 27581.98719 -7.89601 632.0 3167.0 289.0 1 632.0 18786.0 9.997899
BTCUSDT 15m brick1_rsi21 0.01 21 0.01 1.1 0.03 0.1 -0.655997 -6.099789 -30006.099789 27581.98719 -7.89601 632.0 3167.0 289.0 1 632.0 18786.0 9.997899
BTCUSDT 15m brick2_rsi14 0.02 14 0.03 1.0 0.03 0.05 -4.35097 -37.810025 -30037.810025 7174.122335 18.644456 235.0 954.0 71.0 1 235.0 20661.0 9.986391
BTCUSDT 15m brick2_rsi14 0.02 14 0.03 1.0 0.03 0.1 -4.35097 -37.810025 -30037.810025 7174.122335 18.644456 235.0 954.0 71.0 1 235.0 20661.0 9.986391
BTCUSDT 15m brick2_rsi14 0.02 14 0.03 1.1 0.03 0.05 -2.48647 -9.801426 -30009.801426 7624.534497 50.706625 238.0 954.0 72.0 1 238.0 21428.0 9.998778
BTCUSDT 15m brick2_rsi14 0.02 14 0.03 1.1 0.03 0.1 -2.48647 -9.801426 -30009.801426 7624.534497 50.706625 238.0 954.0 72.0 1 238.0 21428.0 9.998778
BTCUSDT 15m brick2_rsi21 0.02 21 0.01 1.0 0.01 0.05 -3.104734 -20.760146 -30020.760146 9935.931991 35.01733 329.0 1323.0 178.0 1 329.0 2786.0 9.999915
BTCUSDT 15m brick2_rsi21 0.02 21 0.01 1.0 0.01 0.1 -3.104734 -20.760146 -30020.760146 9935.931991 35.01733 329.0 1323.0 178.0 1 329.0 2786.0 9.999915
BTCUSDT 15m brick2_rsi21 0.02 21 0.02 1.1 0.03 0.05 -4.121148 -32.818101 -30032.818101 6210.347461 69.620793 179.0 759.0 134.0 1 179.0 4491.0 9.996661
BTCUSDT 15m brick2_rsi21 0.02 21 0.02 1.1 0.03 0.1 -4.121148 -32.818101 -30032.818101 6210.347461 69.620793 179.0 759.0 134.0 1 179.0 4491.0 9.996661
BTCUSDT 30m brick0p5_rsi21 0.005 21 0.01 1.0 0.01 0.1 -0.227437 -6.557092 -30006.557092 79082.456389 -340.915533 3374.0 11283.0 233.0 1 3374.0 37825.0 9.980366
BTCUSDT 30m brick0p5_rsi21 0.005 21 0.01 1.0 0.02 0.1 -1.231387 -28.250609 -30028.250609 33517.421723 -360.08664 1374.0 4727.0 194.0 1 1374.0 18218.0 9.957896
BTCUSDT 30m brick1_rsi7 0.01 7 0.01 1.0 0.01 0.1 -0.666979 -53.151966 -30053.151966 23227.73724 -45.508136 880.0 3204.0 316.0 1 880.0 7429.0 9.99041
BTCUSDT 30m brick1_rsi14 0.01 14 0.01 1.0 0.01 0.1 -2.926976 -6.605332 -30006.605332 25538.928819 -87.589303 871.0 3426.0 305.0 1 871.0 7170.0 9.996983
BTCUSDT 30m brick1_rsi21 0.01 21 0.01 1.1 0.01 0.05 -0.096947 -30.095627 -30030.095627 25808.062426 -117.590531 854.0 3241.0 217.0 1 854.0 7925.0 9.966566
BTCUSDT 30m brick1_rsi21 0.01 21 0.01 1.1 0.01 0.1 -0.096947 -30.095627 -30030.095627 25808.062426 -117.590531 854.0 3241.0 217.0 1 854.0 7925.0 9.966566
BTCUSDT 30m brick2_rsi7 0.02 7 0.01 1.1 0.02 0.05 -2.720493 -12.580975 -30012.580975 8390.134351 23.786124 211.0 971.0 124.0 1 211.0 2526.0 9.939758
BTCUSDT 30m brick2_rsi7 0.02 7 0.01 1.1 0.02 0.1 -2.720493 -12.580975 -30012.580975 8390.134351 23.786124 211.0 971.0 124.0 1 211.0 2526.0 9.939758
BTCUSDT 30m brick2_rsi14 0.02 14 0.02 1.0 0.03 0.1 -0.628654 -854.036011 -30854.036011 7921.21009 -34.561699 196.0 988.0 85.0 1 196.0 6357.0 9.997344
BTCUSDT 1h brick0p5_rsi21 0.005 21 0.01 1.0 0.03 0.05 -4.758291 -56.725752 -30056.725752 61241.022102 -566.055676 2251.0 8374.0 91.0 1 2251.0 29234.0 9.993732
BTCUSDT 1h brick0p5_rsi21 0.005 21 0.01 1.0 0.03 0.1 -4.758291 -56.725752 -30056.725752 61241.022102 -566.055676 2251.0 8374.0 91.0 1 2251.0 29234.0 9.993732
BTCUSDT 1h brick1_rsi7 0.01 7 0.02 1.1 0.03 0.1 -1.12569 -52.787134 -30052.787134 12473.251607 19.491036 415.0 1577.0 58.0 1 415.0 6816.0 9.950101
BTCUSDT 1h brick1_rsi14 0.01 14 0.01 1.1 0.02 0.05 -2.610507 -6.974786 -30006.974786 12448.092639 -47.274755 437.0 1583.0 223.0 1 437.0 2691.0 21.541387
BTCUSDT 1h brick2_rsi7 0.02 7 0.01 1.1 0.01 0.05 -4.059397 -170.169863 -30170.169863 6249.694859 -14.382662 179.0 739.0 63.0 1 179.0 635.0 9.741418
BTCUSDT 1h brick2_rsi7 0.02 7 0.01 1.1 0.01 0.1 -4.059397 -170.169863 -30170.169863 6249.694859 -14.382662 179.0 739.0 63.0 1 179.0 635.0 9.741418
BTCUSDT 1h brick2_rsi7 0.02 7 0.02 1.0 0.03 0.1 -1.478002 -16.523139 -30016.523139 8585.004362 -176.640884 218.0 1076.0 87.0 1 218.0 4511.0 9.962904
BTCUSDT 1h brick2_rsi21 0.02 21 0.02 1.1 0.02 0.05 -4.728842 -12.809548 -30012.809548 5327.214524 -5.979065 180.0 675.0 82.0 1 180.0 1612.0 9.985162
ETHUSDT 5m brick0p5_rsi7 0.005 7 0.01 1.1 0.03 0.05 -1.846585 -6.643447 -30006.643447 24298.469001 -56.295089 1138.0 3443.0 230.0 1 1138.0 33126.0 9.975991
ETHUSDT 5m brick0p5_rsi7 0.005 7 0.01 1.1 0.03 0.1 -1.846585 -6.643447 -30006.643447 24298.469001 -56.295089 1138.0 3443.0 230.0 1 1138.0 33126.0 9.975991
ETHUSDT 5m brick0p5_rsi7 0.005 7 0.02 1.0 0.03 0.1 -1.4989 -63.285727 -30063.285727 46493.474056 -20.868672 4136.0 8785.0 117.0 1 4136.0 206659.0 9.921656
ETHUSDT 5m brick0p5_rsi7 0.005 7 0.02 1.1 0.01 0.05 -2.905675 -27.956201 -30027.956201 54422.253797 32.424178 4844.0 10229.0 94.0 1 4844.0 158441.0 9.63655
ETHUSDT 5m brick0p5_rsi7 0.005 7 0.02 1.1 0.02 0.1 -0.31832 -19.419634 -30019.419634 47412.691755 -8.721761 4172.0 8858.0 90.0 1 4172.0 192305.0 9.959071
ETHUSDT 5m brick0p5_rsi7 0.005 7 0.02 1.1 0.03 0.1 -3.927492 -21.996432 -30021.996432 47149.512869 -23.093776 4145.0 8804.0 105.0 1 4145.0 207813.0 9.94535
ETHUSDT 5m brick0p5_rsi7 0.005 7 0.03 1.1 0.01 0.1 -1.980986 -53.729432 -30053.729432 50957.898064 27.693782 5015.0 10103.0 88.0 1 5015.0 168031.0 9.978911
ETHUSDT 5m brick0p5_rsi7 0.005 7 0.03 1.1 0.02 0.05 -2.687669 -21.788982 -30021.788982 42526.189783 -6.416397 4172.0 8417.0 87.0 1 4172.0 192144.0 9.951477
ETHUSDT 5m brick0p5_rsi14 0.005 14 0.02 1.0 0.02 0.1 -4.555018 -19.669619 -30019.669619 49543.143438 -71.73227 4474.0 9428.0 131.0 1 4474.0 205054.0 9.804168
ETHUSDT 5m brick0p5_rsi14 0.005 14 0.02 1.0 0.03 0.1 -1.457885 -49.235353 -30049.235353 46544.097843 -38.052122 4191.0 8845.0 132.0 1 4191.0 217399.0 9.996314
ETHUSDT 5m brick0p5_rsi14 0.005 14 0.02 1.1 0.01 0.1 -4.135177 -19.121559 -30019.121559 62047.69648 34.081088 5618.0 11766.0 132.0 1 5618.0 183659.0 9.888497
ETHUSDT 5m brick0p5_rsi14 0.005 14 0.03 1.0 0.03 0.1 -1.21642 -17.088319 -30017.088319 46612.814827 -9.503273 4579.0 9240.0 153.0 1 4579.0 230608.0 9.831152
ETHUSDT 5m brick0p5_rsi14 0.005 14 0.04 1.0 0.01 0.05 -3.853637 -13.088971 -30013.088971 49378.449904 44.545956 4918.0 9856.0 104.0 1 4918.0 159129.0 9.798433
ETHUSDT 5m brick0p5_rsi14 0.005 14 0.04 1.0 0.02 0.1 -4.837767 -8.645684 -30008.645684 46911.195204 -46.717098 4667.0 9358.0 142.0 1 4667.0 211785.0 9.997352
ETHUSDT 5m brick0p5_rsi21 0.005 21 0.03 1.1 0.02 0.1 -2.616937 -15.517212 -30015.517212 49591.364832 -28.922056 4865.0 9815.0 101.0 1 4865.0 229731.0 9.816266
ETHUSDT 5m brick0p5_rsi21 0.005 21 0.04 1.0 0.03 0.1 -4.560266 -2.472282 -30002.472282 43532.377928 -18.429915 4329.0 8682.0 150.0 1 4329.0 223931.0 9.860732
ETHUSDT 5m brick0p5_rsi21 0.005 21 0.04 1.1 0.03 0.1 -1.075783 -8.650333 -30008.650333 44036.683597 -26.790168 4377.0 8778.0 144.0 1 4377.0 225594.0 9.9877
ETHUSDT 5m brick1_rsi7 0.01 7 0.03 1.0 0.02 0.05 -3.936435 -22.076662 -30022.076662 30014.313952 -94.229926 2208.0 5209.0 100.0 1 2208.0 215843.0 9.98593
ETHUSDT 5m brick1_rsi7 0.01 7 0.03 1.0 0.02 0.1 -3.936435 -22.076662 -30022.076662 30014.313952 -94.229926 2208.0 5209.0 100.0 1 2208.0 215843.0 9.98593
ETHUSDT 5m brick1_rsi7 0.01 7 0.03 1.1 0.03 0.05 -1.021763 -5.837393 -30005.837393 31049.936284 -59.752933 2220.0 5243.0 113.0 1 2220.0 271581.0 9.965494
ETHUSDT 5m brick1_rsi7 0.01 7 0.03 1.1 0.03 0.1 -1.021763 -5.837393 -30005.837393 31049.936284 -59.752933 2220.0 5243.0 113.0 1 2220.0 271581.0 9.965494
ETHUSDT 5m brick1_rsi14 0.01 14 0.01 1.0 0.01 0.05 -0.230824 -73.381716 -30073.381716 15177.112697 -18.243612 571.0 2089.0 194.0 1 571.0 9724.0 9.990935
ETHUSDT 5m brick1_rsi14 0.01 14 0.01 1.0 0.01 0.1 -0.230824 -73.381716 -30073.381716 15177.112697 -18.243612 571.0 2089.0 194.0 1 571.0 9724.0 9.990935
ETHUSDT 5m brick1_rsi14 0.01 14 0.01 1.1 0.01 0.05 -2.82681 -17.994949 -30017.994949 16397.42229 -20.278749 574.0 2104.0 187.0 1 574.0 9770.0 9.996451
ETHUSDT 5m brick1_rsi14 0.01 14 0.01 1.1 0.01 0.1 -2.82681 -17.994949 -30017.994949 16397.42229 -20.278749 574.0 2104.0 187.0 1 574.0 9770.0 9.996451
ETHUSDT 5m brick1_rsi14 0.01 14 0.02 1.1 0.01 0.05 -3.386896 -27.691726 -30027.691726 28488.808845 25.565354 1636.0 4372.0 266.0 1 1636.0 79239.0 9.99613
ETHUSDT 5m brick1_rsi14 0.01 14 0.02 1.1 0.01 0.1 -3.386896 -27.691726 -30027.691726 28488.808845 25.565354 1636.0 4372.0 266.0 1 1636.0 79239.0 9.99613
ETHUSDT 5m brick1_rsi14 0.01 14 0.03 1.0 0.03 0.05 -4.880004 -12.986892 -30012.986892 30586.546714 -67.527317 2317.0 5375.0 64.0 1 2317.0 282326.0 9.971262
ETHUSDT 5m brick1_rsi14 0.01 14 0.03 1.1 0.02 0.1 -3.271507 -43.058975 -30043.058975 32293.076309 -70.884106 2457.0 5615.0 111.0 1 2457.0 233636.0 9.936143
ETHUSDT 5m brick1_rsi14 0.01 14 0.03 1.1 0.03 0.05 -1.504725 -26.67413 -30026.67413 31447.40525 -59.627846 2327.0 5396.0 66.0 1 2327.0 283061.0 9.98011
ETHUSDT 5m brick1_rsi21 0.01 21 0.01 1.0 0.02 0.05 -4.025861 -16.929124 -30016.929124 9378.457463 -8.864457 276.0 1215.0 157.0 1 276.0 6170.0 9.976199
ETHUSDT 5m brick1_rsi21 0.01 21 0.01 1.0 0.02 0.1 -4.025861 -16.929124 -30016.929124 9378.457463 -8.864457 276.0 1215.0 157.0 1 276.0 6170.0 9.976199
ETHUSDT 5m brick1_rsi21 0.01 21 0.01 1.1 0.03 0.05 -4.304336 -17.2076 -30017.2076 10244.617246 -19.552702 276.0 1221.0 157.0 1 276.0 8868.0 9.978139
ETHUSDT 5m brick1_rsi21 0.01 21 0.01 1.1 0.03 0.1 -4.304336 -17.2076 -30017.2076 10244.617246 -19.552702 276.0 1221.0 157.0 1 276.0 8868.0 9.978139
ETHUSDT 5m brick1_rsi21 0.01 21 0.03 1.0 0.02 0.05 -0.834375 -30.700396 -30030.700396 33410.876609 -134.82444 2550.0 5891.0 121.0 1 2550.0 237026.0 9.996738
ETHUSDT 5m brick1_rsi21 0.01 21 0.03 1.0 0.02 0.1 -2.574804 -13.48046 -30013.48046 37109.997725 -124.06476 2862.0 6573.0 98.0 1 2862.0 271229.0 9.983641
ETHUSDT 5m brick1_rsi21 0.01 21 0.03 1.1 0.02 0.1 -0.78699 -10.420293 -30010.420293 33887.949203 -136.315476 2541.0 5852.0 118.0 1 2541.0 236814.0 9.916371
ETHUSDT 5m brick1_rsi21 0.01 21 0.03 1.1 0.03 0.1 -0.255978 -110.102696 -30110.102696 38157.671786 -154.53884 2843.0 6569.0 93.0 1 2843.0 338624.0 9.981039
ETHUSDT 5m brick2_rsi7 0.02 7 0.01 1.0 0.01 0.05 -2.236427 -24.431954 -30024.431954 11009.286391 -4.580922 443.0 1545.0 263.0 1 443.0 4455.0 9.986937
ETHUSDT 5m brick2_rsi7 0.02 7 0.01 1.0 0.01 0.1 -2.236427 -24.431954 -30024.431954 11009.286391 -4.580922 443.0 1545.0 263.0 1 443.0 4455.0 9.986937
ETHUSDT 5m brick2_rsi7 0.02 7 0.01 1.1 0.01 0.05 -3.611488 -25.807015 -30025.807015 11781.104693 -1.712066 443.0 1543.0 237.0 1 443.0 5861.0 9.993162
ETHUSDT 5m brick2_rsi7 0.02 7 0.01 1.1 0.01 0.1 -3.611488 -25.807015 -30025.807015 11781.104693 -1.712066 443.0 1543.0 237.0 1 443.0 5861.0 9.993162
ETHUSDT 5m brick2_rsi7 0.02 7 0.02 1.1 0.01 0.05 -1.057343 -2.622736 -30002.622736 15827.63844 44.215636 681.0 2180.0 221.0 1 681.0 30562.0 9.988124
ETHUSDT 5m brick2_rsi7 0.02 7 0.02 1.1 0.01 0.1 -1.057343 -2.622736 -30002.622736 15827.63844 44.215636 681.0 2180.0 221.0 1 681.0 30562.0 9.988124
ETHUSDT 5m brick2_rsi7 0.02 7 0.03 1.0 0.01 0.05 -2.37255 -15.157993 -30015.157993 13693.36033 -22.365119 606.0 1975.0 129.0 1 606.0 37661.0 9.988615
ETHUSDT 5m brick2_rsi7 0.02 7 0.03 1.0 0.01 0.1 -2.37255 -15.157993 -30015.157993 13693.36033 -22.365119 606.0 1975.0 129.0 1 606.0 37661.0 9.988615
ETHUSDT 5m brick2_rsi7 0.02 7 0.03 1.1 0.03 0.1 -0.952436 -31.519341 -30031.519341 14941.877117 -48.276256 537.0 1943.0 176.0 1 537.0 99867.0 9.991994
ETHUSDT 5m brick2_rsi14 0.02 14 0.01 1.0 0.01 0.05 -3.797617 -23.166699 -30023.166699 13201.294005 -3.093348 453.0 1774.0 210.0 1 453.0 9191.0 9.974208
ETHUSDT 5m brick2_rsi14 0.02 14 0.01 1.0 0.01 0.1 -3.797617 -23.166699 -30023.166699 13201.294005 -3.093348 453.0 1774.0 210.0 1 453.0 9191.0 9.974208
ETHUSDT 5m brick2_rsi14 0.02 14 0.02 1.0 0.03 0.05 -0.221785 -33.332436 -30033.332436 7273.825821 2.940572 272.0 1000.0 157.0 1 272.0 17645.0 9.965722
ETHUSDT 5m brick2_rsi14 0.02 14 0.02 1.0 0.03 0.1 -0.221785 -33.332436 -30033.332436 7273.825821 2.940572 272.0 1000.0 157.0 1 272.0 17645.0 9.965722
ETHUSDT 5m brick2_rsi14 0.02 14 0.04 1.0 0.02 0.1 -3.766887 -13.244587 -30013.244587 17238.884186 -152.494725 777.0 2499.0 153.0 1 777.0 114078.0 9.966309
ETHUSDT 5m brick2_rsi14 0.02 14 0.04 1.1 0.02 0.05 -3.064429 -63.897897 -30063.897897 19346.606638 -163.433561 882.0 2719.0 174.0 1 882.0 130364.0 9.993113
ETHUSDT 5m brick2_rsi14 0.02 14 0.04 1.1 0.02 0.1 -3.457414 -2.372373 -30002.372373 21665.46721 -177.551725 964.0 3019.0 134.0 1 964.0 150088.0 9.98615
ETHUSDT 5m brick2_rsi21 0.02 21 0.01 1.0 0.03 0.05 -4.279954 -37.676125 -30037.676125 10941.104454 16.683979 258.0 1353.0 181.0 1 258.0 9569.0 9.985186
ETHUSDT 5m brick2_rsi21 0.02 21 0.01 1.0 0.03 0.1 -4.279954 -37.676125 -30037.676125 10941.104454 16.683979 258.0 1353.0 181.0 1 258.0 9569.0 9.985186
ETHUSDT 5m brick2_rsi21 0.02 21 0.03 1.0 0.01 0.05 -0.468837 -15.453411 -30015.453411 15300.338953 30.662006 606.0 2135.0 99.0 1 606.0 41054.0 9.979008
ETHUSDT 5m brick2_rsi21 0.02 21 0.03 1.0 0.01 0.1 -0.468837 -15.453411 -30015.453411 15300.338953 30.662006 606.0 2135.0 99.0 1 606.0 41054.0 9.979008
ETHUSDT 5m brick2_rsi21 0.02 21 0.04 1.0 0.01 0.05 -2.180093 -122.975949 -30122.975949 17042.185195 -113.667711 944.0 2647.0 93.0 1 944.0 72799.0 9.96929
ETHUSDT 5m brick2_rsi21 0.02 21 0.04 1.0 0.03 0.1 -2.2724 -109.865168 -30109.865168 14266.167065 -150.637938 589.0 2014.0 96.0 1 589.0 126011.0 9.985128
ETHUSDT 5m brick2_rsi21 0.02 21 0.04 1.1 0.03 0.1 -1.170478 -108.763247 -30108.763247 15152.802779 -157.315573 589.0 2018.0 95.0 1 589.0 126217.0 9.988963
ETHUSDT 15m brick0p5_rsi7 0.005 7 0.01 1.0 0.02 0.05 -3.040928 -17.390316 -30017.390316 60473.819642 -51.649696 2495.0 8542.0 221.0 1 2495.0 37358.0 9.983735
ETHUSDT 15m brick0p5_rsi7 0.005 7 0.01 1.0 0.02 0.1 -3.040928 -17.390316 -30017.390316 60473.819642 -51.649696 2495.0 8542.0 221.0 1 2495.0 37358.0 9.983735
ETHUSDT 15m brick0p5_rsi14 0.005 14 0.03 1.1 0.02 0.05 -0.166695 -29.621846 -30029.621846 59663.375667 -119.414464 5772.0 11719.0 80.0 1 5772.0 114328.0 9.903769
ETHUSDT 15m brick0p5_rsi14 0.005 14 0.03 1.1 0.03 0.1 -3.142156 -12.048002 -30012.048002 54750.226185 -89.288227 5286.0 10742.0 85.0 1 5286.0 119041.0 9.823849
ETHUSDT 15m brick0p5_rsi14 0.005 14 0.04 1.0 0.02 0.1 -2.9274 -35.864379 -30035.864379 53549.419414 -117.277116 5306.0 10660.0 97.0 1 5306.0 105044.0 9.997688
ETHUSDT 15m brick0p5_rsi14 0.005 14 0.04 1.0 0.03 0.05 -1.096125 -63.457147 -30063.457147 34852.546665 -133.854724 3450.0 6935.0 62.0 1 3450.0 80517.0 9.951659
ETHUSDT 15m brick0p5_rsi21 0.005 21 0.03 1.0 0.03 0.05 -2.399929 -11.066269 -30011.066269 49141.95556 -123.325545 4757.0 9671.0 95.0 1 4757.0 108230.0 9.952449
ETHUSDT 15m brick0p5_rsi21 0.005 21 0.03 1.1 0.03 0.1 -1.968587 -10.874433 -30010.874433 54399.441867 -111.946919 5253.0 10674.0 98.0 1 5253.0 118694.0 9.986028
ETHUSDT 15m brick0p5_rsi21 0.005 21 0.04 1.1 0.03 0.1 -3.46946 -102.669777 -30102.669777 48402.986057 -125.217711 4788.0 9623.0 54.0 1 4788.0 109545.0 9.507985
ETHUSDT 15m brick1_rsi7 0.01 7 0.02 1.0 0.03 0.05 -1.050641 -22.812765 -30022.812765 22804.593521 -73.493776 934.0 3214.0 179.0 1 934.0 26997.0 17.209672
ETHUSDT 15m brick1_rsi7 0.01 7 0.02 1.1 0.01 0.05 -2.957288 -0.938701 -30000.938701 25278.142268 31.248293 1174.0 3572.0 103.0 1 1174.0 23987.0 9.962136
ETHUSDT 15m brick1_rsi7 0.01 7 0.02 1.1 0.01 0.1 -2.957288 -0.938701 -30000.938701 25278.142268 31.248293 1174.0 3572.0 103.0 1 1174.0 23987.0 9.962136
ETHUSDT 15m brick1_rsi7 0.01 7 0.02 1.1 0.02 0.05 -2.525989 -28.432055 -30028.432055 10581.844449 -3.792543 464.0 1464.0 118.0 1 464.0 7909.0 9.996686
ETHUSDT 15m brick1_rsi7 0.01 7 0.02 1.1 0.02 0.1 -2.525989 -28.432055 -30028.432055 10581.844449 -3.792543 464.0 1464.0 118.0 1 464.0 7909.0 9.996686
ETHUSDT 15m brick1_rsi7 0.01 7 0.02 1.1 0.03 0.05 -2.527289 -8.286494 -30008.286494 14274.945787 -8.262522 614.0 1962.0 141.0 1 614.0 13200.0 9.991322
ETHUSDT 15m brick1_rsi7 0.01 7 0.02 1.1 0.03 0.1 -2.527289 -8.286494 -30008.286494 14274.945787 -8.262522 614.0 1962.0 141.0 1 614.0 13200.0 9.991322
ETHUSDT 15m brick1_rsi7 0.01 7 0.03 1.1 0.02 0.05 -2.558461 -21.40266 -30021.40266 31132.933542 -123.984169 2209.0 5238.0 186.0 1 2209.0 78610.0 12.404191
ETHUSDT 15m brick1_rsi14 0.01 14 0.01 1.0 0.01 0.05 -3.972952 -27.699851 -30027.699851 21282.497515 20.875259 655.0 2783.0 156.0 1 655.0 5034.0 9.985931
ETHUSDT 15m brick1_rsi14 0.01 14 0.01 1.0 0.01 0.1 -3.972952 -27.699851 -30027.699851 21282.497515 20.875259 655.0 2783.0 156.0 1 655.0 5034.0 9.985931
ETHUSDT 15m brick1_rsi14 0.01 14 0.02 1.1 0.03 0.05 -2.809136 -30.267621 -30030.267621 20573.478627 -99.121645 912.0 2861.0 226.0 1 912.0 23684.0 9.974867
ETHUSDT 15m brick1_rsi14 0.01 14 0.02 1.1 0.03 0.1 -2.809136 -30.267621 -30030.267621 20573.478627 -99.121645 912.0 2861.0 226.0 1 912.0 23684.0 9.974867
ETHUSDT 15m brick1_rsi21 0.01 21 0.01 1.1 0.03 0.05 -2.448604 -9.622853 -30009.622853 8669.074158 42.580698 228.0 1020.0 140.0 1 228.0 2789.0 9.952395
ETHUSDT 15m brick1_rsi21 0.01 21 0.01 1.1 0.03 0.1 -2.448604 -9.622853 -30009.622853 8669.074158 42.580698 228.0 1020.0 140.0 1 228.0 2789.0 9.952395
ETHUSDT 15m brick1_rsi21 0.01 21 0.04 1.1 0.02 0.05 -2.597122 -15.032089 -30015.032089 18505.93631 -86.204339 1673.0 3507.0 108.0 1 1673.0 61866.0 9.732204
ETHUSDT 15m brick1_rsi21 0.01 21 0.04 1.1 0.03 0.1 -0.075179 -34.687986 -30034.687986 27295.42254 -270.249619 2469.0 5174.0 86.0 1 2469.0 117403.0 9.965389
ETHUSDT 15m brick2_rsi7 0.02 7 0.02 1.1 0.02 0.05 -2.968032 -79.285621 -30079.285621 8586.310419 -31.624651 277.0 1079.0 115.0 1 277.0 6050.0 9.981596
ETHUSDT 15m brick2_rsi7 0.02 7 0.02 1.1 0.02 0.1 -2.968032 -79.285621 -30079.285621 8586.310419 -31.624651 277.0 1079.0 115.0 1 277.0 6050.0 9.981596
ETHUSDT 15m brick2_rsi14 0.02 14 0.03 1.1 0.02 0.1 -1.084873 -83.393989 -30083.393989 9626.391167 21.417024 359.0 1266.0 117.0 1 359.0 11415.0 9.897204
ETHUSDT 15m brick2_rsi21 0.02 21 0.03 1.0 0.02 0.05 -1.341425 -36.32049 -30036.32049 8582.386944 15.231346 327.0 1186.0 118.0 1 327.0 9405.0 9.962571
ETHUSDT 15m brick2_rsi21 0.02 21 0.03 1.1 0.01 0.05 -2.297731 -19.102911 -30019.102911 11424.509879 62.260009 503.0 1587.0 75.0 1 503.0 12253.0 12.991363
ETHUSDT 15m brick2_rsi21 0.02 21 0.03 1.1 0.03 0.05 -2.831707 -3.17553 -30003.17553 10808.32569 -45.055242 331.0 1343.0 104.0 1 331.0 15343.0 9.940446
ETHUSDT 15m brick2_rsi21 0.02 21 0.04 1.0 0.03 0.05 -2.846354 -36.359762 -30036.359762 12066.829011 -364.281281 509.0 1716.0 77.0 1 509.0 41262.0 16.934207
ETHUSDT 30m brick0p5_rsi7 0.005 7 0.02 1.0 0.03 0.05 -1.020876 -25.525166 -30025.525166 41390.190259 -69.74003 3281.0 7419.0 180.0 1 3281.0 46240.0 9.996512
ETHUSDT 30m brick0p5_rsi7 0.005 7 0.02 1.0 0.03 0.1 -4.328679 -79.234971 -30079.234971 61531.199331 -12.728664 4906.0 11058.0 238.0 1 4906.0 65844.0 9.843718
ETHUSDT 30m brick0p5_rsi14 0.005 14 0.02 1.1 0.03 0.05 -3.27018 -36.789282 -30036.789282 46399.966843 -56.075253 3619.0 8155.0 109.0 1 3619.0 51234.0 9.849152
ETHUSDT 30m brick0p5_rsi14 0.005 14 0.04 1.0 0.02 0.1 -0.14153 -5.756527 -30005.756527 48855.028539 -76.31963 4799.0 9684.0 154.0 1 4799.0 57707.0 9.61467
ETHUSDT 30m brick0p5_rsi14 0.005 14 0.04 1.0 0.03 0.05 -2.008213 -8.992478 -30008.992478 25152.192039 -139.624943 2470.0 4985.0 56.0 1 2470.0 35886.0 9.973684
ETHUSDT 30m brick0p5_rsi14 0.005 14 0.04 1.0 0.03 0.1 -4.167011 -17.448988 -30017.448988 33313.588967 -73.394861 3275.0 6606.0 123.0 1 3275.0 47357.0 9.896686
ETHUSDT 30m brick0p5_rsi21 0.005 21 0.03 1.0 0.03 0.05 -3.331272 -76.337716 -30076.337716 28724.555861 -110.805445 2705.0 5577.0 67.0 1 2705.0 39027.0 9.940626
ETHUSDT 30m brick0p5_rsi21 0.005 21 0.03 1.1 0.03 0.05 -2.916095 -91.962009 -30091.962009 28915.98481 -113.992428 2706.0 5579.0 65.0 1 2706.0 39105.0 9.897841
ETHUSDT 30m brick1_rsi7 0.01 7 0.01 1.0 0.02 0.05 -4.022966 -55.072276 -30055.072276 6396.362596 28.706111 178.0 818.0 91.0 1 178.0 1050.0 9.984975
ETHUSDT 30m brick1_rsi7 0.01 7 0.01 1.0 0.02 0.1 -4.022966 -55.072276 -30055.072276 6396.362596 28.706111 178.0 818.0 91.0 1 178.0 1050.0 9.984975
ETHUSDT 30m brick1_rsi7 0.01 7 0.01 1.1 0.01 0.05 -3.227903 -59.00696 -30059.00696 23364.270176 -71.456872 756.0 2893.0 231.0 1 756.0 3595.0 9.992302
ETHUSDT 30m brick1_rsi7 0.01 7 0.01 1.1 0.01 0.1 -3.227903 -59.00696 -30059.00696 23364.270176 -71.456872 756.0 2893.0 231.0 1 756.0 3595.0 9.992302
ETHUSDT 30m brick1_rsi7 0.01 7 0.02 1.1 0.02 0.05 -0.368593 -110.1359 -30110.1359 18175.788051 -140.402352 864.0 2586.0 271.0 1 864.0 9318.0 9.923414
ETHUSDT 30m brick1_rsi7 0.01 7 0.02 1.1 0.03 0.1 -1.629931 -54.851572 -30054.851572 38995.141248 52.467397 1767.0 5455.0 430.0 1 1767.0 35916.0 9.997032
ETHUSDT 30m brick1_rsi14 0.01 14 0.02 1.0 0.02 0.1 -2.761887 -22.608718 -30022.608718 24725.99204 -55.097048 1182.0 3655.0 208.0 1 1182.0 21056.0 9.990428
ETHUSDT 30m brick2_rsi14 0.02 14 0.01 1.1 0.01 0.05 -4.371051 -21.767707 -30021.767707 12320.294138 47.813105 387.0 1513.0 150.0 1 387.0 1826.0 9.97904
ETHUSDT 30m brick2_rsi14 0.02 14 0.01 1.1 0.01 0.1 -4.371051 -21.767707 -30021.767707 12320.294138 47.813105 387.0 1513.0 150.0 1 387.0 1826.0 9.97904
ETHUSDT 30m brick2_rsi14 0.02 14 0.02 1.0 0.03 0.1 -4.768399 -57.009524 -30057.009524 9640.935102 -37.451624 305.0 1269.0 163.0 1 305.0 4245.0 9.971802
ETHUSDT 30m brick2_rsi14 0.02 14 0.03 1.0 0.02 0.1 -4.081059 -50.575712 -30050.575712 6639.314499 -84.329206 275.0 939.0 108.0 1 275.0 3510.0 9.951823
ETHUSDT 30m brick2_rsi21 0.02 21 0.02 1.0 0.02 0.1 -3.714251 -7.969552 -30007.969552 8033.858141 -43.527968 293.0 1097.0 147.0 1 293.0 2733.0 9.930382
ETHUSDT 30m brick2_rsi21 0.02 21 0.02 1.1 0.03 0.05 -3.009144 -18.943635 -30018.943635 9242.722299 -49.981325 314.0 1174.0 180.0 1 314.0 3846.0 9.995742
ETHUSDT 30m brick2_rsi21 0.02 21 0.04 1.0 0.02 0.05 -2.380048 -33.905433 -30033.905433 9144.995566 -309.003107 471.0 1384.0 73.0 1 471.0 14330.0 12.201846
ETHUSDT 1h brick1_rsi21 0.01 21 0.02 1.1 0.02 0.05 -3.067514 -344.189158 -30344.189158 26245.197414 -277.774074 1081.0 3549.0 97.0 1 1081.0 11988.0 9.919883
ETHUSDT 1h brick1_rsi21 0.01 21 0.02 1.1 0.03 0.1 -4.027785 -81.637465 -30081.637465 40271.120224 -853.427394 1494.0 5260.0 109.0 1 1494.0 21668.0 9.99685
ETHUSDT 1h brick2_rsi7 0.02 7 0.03 1.0 0.02 0.05 -3.123862 -44.454049 -30044.454049 8523.347236 -91.615387 325.0 1177.0 65.0 1 325.0 5049.0 12.048871
ETHUSDT 1h brick2_rsi7 0.02 7 0.03 1.1 0.02 0.05 -3.699363 -37.15272 -30037.15272 8283.074079 -96.072588 323.0 1101.0 68.0 1 323.0 4914.0 9.968777
ETHUSDT 1h brick2_rsi7 0.02 7 0.04 1.1 0.03 0.05 -3.241488 -138.411226 -30138.411226 9624.778414 -477.898392 409.0 1320.0 95.0 1 409.0 9511.0 9.836273
ETHUSDT 1h brick2_rsi14 0.02 14 0.04 1.1 0.03 0.05 -4.454101 -49.019806 -30049.019806 6376.999448 -107.519327 297.0 902.0 54.0 1 297.0 7569.0 34.421955
ETHUSDT 1h brick2_rsi21 0.02 21 0.03 1.1 0.03 0.1 -1.726999 -98.660291 -30098.660291 10535.922468 -168.470267 317.0 1295.0 65.0 1 317.0 7252.0 9.987736
ETHUSDT 4h brick2_rsi21 0.02 21 0.03 1.1 0.03 0.05 -2.282289 -187.884866 -30187.884866 8681.291034 -75.783203 365.0 1182.0 106.0 1 365.0 2289.0 35.43438
SOLUSDT 5m brick0p5_rsi7 0.005 7 0.01 1.0 0.02 0.05 -4.112658 -13.324015 -30013.324015 58907.754128 -100.296223 2437.0 8329.0 131.0 1 2437.0 37974.0 9.995224
SOLUSDT 5m brick0p5_rsi7 0.005 7 0.01 1.0 0.02 0.1 -4.112658 -13.324015 -30013.324015 58907.754128 -100.296223 2437.0 8329.0 131.0 1 2437.0 37974.0 9.995224
SOLUSDT 5m brick0p5_rsi7 0.005 7 0.01 1.0 0.03 0.05 -0.327464 -25.557681 -30025.557681 55050.43328 -83.132414 2233.0 7740.0 133.0 1 2233.0 39247.0 9.938648
SOLUSDT 5m brick0p5_rsi7 0.005 7 0.01 1.0 0.03 0.1 -0.327464 -25.557681 -30025.557681 55050.43328 -83.132414 2233.0 7740.0 133.0 1 2233.0 39247.0 9.938648
SOLUSDT 5m brick0p5_rsi7 0.005 7 0.02 1.0 0.01 0.05 -4.358313 -92.955859 -30092.955859 60884.62125 -541.105166 5261.0 11350.0 65.0 1 5261.0 67214.0 10.846901
SOLUSDT 5m brick0p5_rsi7 0.005 7 0.02 1.1 0.01 0.05 -2.543417 -46.564612 -30046.564612 78569.8943 -559.961419 6740.0 14481.0 43.0 1 6740.0 98107.0 9.987744
SOLUSDT 5m brick0p5_rsi7 0.005 7 0.03 1.0 0.02 0.1 -1.118642 -5.636029 -30005.636029 63263.761495 -658.323287 6111.0 12438.0 51.0 1 6111.0 114032.0 9.619143
SOLUSDT 5m brick0p5_rsi7 0.005 7 0.03 1.0 0.03 0.1 -4.501048 -12.683012 -30012.683012 49295.660818 -643.206278 4739.0 9669.0 38.0 1 4739.0 90444.0 9.865456
SOLUSDT 5m brick0p5_rsi7 0.005 7 0.03 1.1 0.03 0.1 -4.674591 -24.03585 -30024.03585 61160.426432 -861.776434 5866.0 11956.0 37.0 1 5866.0 120737.0 9.611313
SOLUSDT 5m brick0p5_rsi7 0.005 7 0.04 1.0 0.02 0.1 -0.378385 -40.816431 -30040.816431 48755.380393 -522.734393 4804.0 9680.0 48.0 1 4804.0 83340.0 9.802606
SOLUSDT 5m brick0p5_rsi14 0.005 14 0.01 1.0 0.01 0.05 -0.444004 -41.297761 -30041.297761 30534.999528 31.778467 1467.0 4521.0 198.0 1 1467.0 14967.0 9.984005
SOLUSDT 5m brick0p5_rsi14 0.005 14 0.01 1.0 0.01 0.1 -0.444004 -41.297761 -30041.297761 30534.999528 31.778467 1467.0 4521.0 198.0 1 1467.0 14967.0 9.984005
SOLUSDT 5m brick0p5_rsi14 0.005 14 0.01 1.0 0.03 0.05 -4.029327 -37.744576 -30037.744576 60314.662192 -19.533911 2412.0 8446.0 123.0 1 2412.0 43424.0 9.982774
SOLUSDT 5m brick0p5_rsi14 0.005 14 0.01 1.0 0.03 0.1 -4.029327 -37.744576 -30037.744576 60314.662192 -19.533911 2412.0 8446.0 123.0 1 2412.0 43424.0 9.982774
SOLUSDT 5m brick0p5_rsi14 0.005 14 0.03 1.1 0.02 0.1 -1.292626 -33.080802 -30033.080802 37961.39498 30.122914 3710.0 7498.0 74.0 1 3710.0 61953.0 9.95146
SOLUSDT 5m brick0p5_rsi14 0.005 14 0.04 1.0 0.01 0.1 -1.93158 -6.931452 -30006.931452 35264.365013 20.357529 3506.0 7033.0 41.0 1 3506.0 39005.0 9.926544
SOLUSDT 5m brick0p5_rsi14 0.005 14 0.04 1.0 0.02 0.1 -4.642398 -15.320605 -30015.320605 35317.460545 43.336878 3508.0 7040.0 37.0 1 3508.0 56946.0 9.802869
SOLUSDT 5m brick0p5_rsi21 0.005 21 0.01 1.1 0.02 0.05 -3.90999 -126.802553 -30126.802553 49837.358194 22.240903 2009.0 6685.0 229.0 1 2009.0 30943.0 9.971674
SOLUSDT 5m brick0p5_rsi21 0.005 21 0.01 1.1 0.02 0.1 -3.90999 -126.802553 -30126.802553 49837.358194 22.240903 2009.0 6685.0 229.0 1 2009.0 30943.0 9.971674
SOLUSDT 5m brick0p5_rsi21 0.005 21 0.02 1.0 0.03 0.05 -0.391215 -24.993461 -30024.993461 37906.950565 45.972615 3296.0 7087.0 54.0 1 3296.0 57964.0 9.749569
SOLUSDT 5m brick0p5_rsi21 0.005 21 0.02 1.1 0.01 0.05 -2.584985 -24.55787 -30024.55787 71998.869632 -497.64873 6232.0 13331.0 41.0 1 6232.0 82718.0 9.944713
SOLUSDT 5m brick0p5_rsi21 0.005 21 0.02 1.1 0.01 0.1 -4.422022 -106.65676 -30106.65676 77055.744608 -525.967712 6687.0 14286.0 55.0 1 6687.0 94994.0 9.797399
SOLUSDT 5m brick0p5_rsi21 0.005 21 0.02 1.1 0.03 0.05 -4.050355 -43.50512 -30043.50512 43042.473569 22.318025 3732.0 7981.0 109.0 1 3732.0 68892.0 9.968418
SOLUSDT 5m brick0p5_rsi21 0.005 21 0.02 1.1 0.03 0.1 -4.050355 -43.50512 -30043.50512 43042.473569 22.318025 3732.0 7981.0 109.0 1 3732.0 68892.0 9.968418
SOLUSDT 5m brick0p5_rsi21 0.005 21 0.03 1.0 0.01 0.05 -4.291104 -21.562577 -30021.562577 36846.854554 7.84029 3624.0 7309.0 56.0 1 3624.0 40646.0 9.759639
SOLUSDT 5m brick0p5_rsi21 0.005 21 0.03 1.0 0.01 0.1 -4.982632 -15.868969 -30015.868969 37946.194758 0.887854 3733.0 7528.0 80.0 1 3733.0 42696.0 9.833871
SOLUSDT 5m brick0p5_rsi21 0.005 21 0.03 1.1 0.01 0.05 -2.772272 -23.929804 -30023.929804 37891.398412 1.899655 3722.0 7505.0 95.0 1 3722.0 42228.0 9.955312
SOLUSDT 5m brick0p5_rsi21 0.005 21 0.03 1.1 0.02 0.1 -1.474838 -22.735396 -30022.735396 38692.937117 25.449354 3784.0 7645.0 88.0 1 3784.0 62908.0 9.926187
SOLUSDT 5m brick0p5_rsi21 0.005 21 0.04 1.1 0.03 0.1 -3.512605 -22.68421 -30022.68421 33433.860358 30.895551 3316.0 6657.0 52.0 1 3316.0 58246.0 8.566816
SOLUSDT 5m brick1_rsi7 0.01 7 0.02 1.0 0.01 0.05 -4.743011 -21.527598 -30021.527598 29725.735633 -115.556327 1451.0 4423.0 105.0 1 1451.0 24482.0 19.070279
SOLUSDT 5m brick1_rsi7 0.01 7 0.02 1.1 0.01 0.05 -2.885592 -19.670178 -30019.670178 31379.705968 -100.860582 1451.0 4430.0 106.0 1 1451.0 24513.0 9.994274
SOLUSDT 5m brick1_rsi7 0.01 7 0.02 1.1 0.02 0.05 -0.026562 -17.60939 -30017.60939 35144.428364 -107.468781 1324.0 4630.0 63.0 1 1324.0 39223.0 37.404037
SOLUSDT 5m brick1_rsi7 0.01 7 0.03 1.0 0.01 0.05 -3.304425 -36.172566 -30036.172566 33509.992599 778.405868 2625.0 5977.0 63.0 1 2625.0 62119.0 167.473952
SOLUSDT 5m brick1_rsi7 0.01 7 0.03 1.0 0.03 0.05 -2.669659 -190.236136 -30190.236136 26331.032993 167.112169 1885.0 4518.0 38.0 1 1885.0 80519.0 9.826124
SOLUSDT 5m brick1_rsi7 0.01 7 0.03 1.0 0.03 0.1 -3.363021 -9.341677 -30009.341677 36769.8782 173.26687 2656.0 6333.0 65.0 1 2656.0 133441.0 56.045594
SOLUSDT 5m brick1_rsi7 0.01 7 0.04 1.1 0.01 0.1 -0.317193 -11.450807 -30011.450807 28086.943586 375.546764 2626.0 5416.0 55.0 1 2626.0 63824.0 17.701241
SOLUSDT 5m brick1_rsi14 0.01 14 0.01 1.0 0.02 0.05 -3.391425 -26.126902 -30026.126902 8923.361643 32.119493 260.0 1152.0 145.0 1 260.0 3216.0 9.947362
SOLUSDT 5m brick1_rsi14 0.01 14 0.01 1.0 0.02 0.1 -3.391425 -26.126902 -30026.126902 8923.361643 32.119493 260.0 1152.0 145.0 1 260.0 3216.0 9.947362
SOLUSDT 5m brick1_rsi14 0.01 14 0.01 1.1 0.01 0.05 -2.219152 -36.874987 -30036.874987 13078.370171 20.232808 402.0 1613.0 136.0 1 402.0 3782.0 9.997155
SOLUSDT 5m brick1_rsi14 0.01 14 0.01 1.1 0.01 0.1 -2.219152 -36.874987 -30036.874987 13078.370171 20.232808 402.0 1613.0 136.0 1 402.0 3782.0 9.997155
SOLUSDT 5m brick1_rsi14 0.01 14 0.02 1.0 0.01 0.05 -4.280556 -29.820698 -30029.820698 28718.983898 -52.268175 1414.0 4286.0 135.0 1 1414.0 23440.0 9.977473
SOLUSDT 5m brick1_rsi14 0.01 14 0.03 1.0 0.02 0.1 -1.50296 -49.85107 -30049.85107 47877.358437 432.404387 3561.0 8349.0 85.0 1 3561.0 149219.0 9.938999
SOLUSDT 5m brick1_rsi14 0.01 14 0.04 1.0 0.01 0.05 -2.789569 -24.870544 -30024.870544 19546.71165 136.590763 1848.0 3803.0 31.0 1 1848.0 38532.0 9.945788
SOLUSDT 5m brick1_rsi21 0.01 21 0.01 1.1 0.01 0.05 -0.993668 -45.093571 -30045.093571 12751.945097 14.338367 391.0 1571.0 134.0 1 391.0 3738.0 9.965776
SOLUSDT 5m brick1_rsi21 0.01 21 0.01 1.1 0.01 0.1 -0.993668 -45.093571 -30045.093571 12751.945097 14.338367 391.0 1571.0 134.0 1 391.0 3738.0 9.965776
SOLUSDT 5m brick1_rsi21 0.01 21 0.02 1.1 0.02 0.05 -0.037239 -1.703881 -30001.703881 32404.029761 -63.047711 1292.0 4347.0 66.0 1 1292.0 37964.0 34.700234
SOLUSDT 5m brick1_rsi21 0.01 21 0.03 1.0 0.02 0.05 -4.582619 -34.299416 -30034.299416 38683.901044 499.71367 2997.0 6866.0 94.0 1 2997.0 124789.0 9.999803
SOLUSDT 5m brick1_rsi21 0.01 21 0.03 1.0 0.03 0.1 -4.02713 -55.769836 -30055.769836 34542.150365 326.495735 2581.0 6036.0 50.0 1 2581.0 129837.0 28.725956
SOLUSDT 5m brick1_rsi21 0.01 21 0.03 1.1 0.01 0.05 -3.959559 -29.48657 -30029.48657 32230.317095 507.068506 2563.0 5724.0 54.0 1 2563.0 59984.0 61.426978
SOLUSDT 5m brick1_rsi21 0.01 21 0.04 1.0 0.03 0.05 -0.440503 -0.058854 -30000.058854 21398.016857 -34.931569 1993.0 4133.0 62.0 1 1993.0 85465.0 9.68568
SOLUSDT 5m brick1_rsi21 0.01 21 0.04 1.1 0.02 0.05 -3.760394 -32.370571 -30032.370571 28104.816142 122.508657 2638.0 5433.0 37.0 1 2638.0 110582.0 9.105857
SOLUSDT 5m brick2_rsi7 0.02 7 0.03 1.0 0.03 0.05 -0.244804 -13.046011 -30013.046011 6432.478181 2.802774 293.0 936.0 130.0 1 293.0 13873.0 9.963512
SOLUSDT 5m brick2_rsi7 0.02 7 0.03 1.0 0.03 0.1 -0.244804 -13.046011 -30013.046011 6432.478181 2.802774 293.0 936.0 130.0 1 293.0 13873.0 9.963512
SOLUSDT 5m brick2_rsi14 0.02 14 0.02 1.1 0.02 0.05 -2.532167 -279.957074 -30279.957074 13717.015558 36.010419 499.0 1787.0 184.0 1 499.0 16987.0 9.919733
SOLUSDT 5m brick2_rsi14 0.02 14 0.02 1.1 0.02 0.1 -2.532167 -279.957074 -30279.957074 13717.015558 36.010419 499.0 1787.0 184.0 1 499.0 16987.0 9.919733
SOLUSDT 5m brick2_rsi14 0.02 14 0.03 1.0 0.03 0.05 -3.888442 -34.205451 -30034.205451 6792.275532 53.70346 287.0 966.0 88.0 1 287.0 15369.0 9.956487
SOLUSDT 5m brick2_rsi14 0.02 14 0.03 1.0 0.03 0.1 -3.888442 -34.205451 -30034.205451 6792.275532 53.70346 287.0 966.0 88.0 1 287.0 15369.0 9.956487
SOLUSDT 5m brick2_rsi21 0.02 21 0.02 1.1 0.02 0.05 -4.453773 -38.567673 -30038.567673 14510.92646 7.01915 484.0 1844.0 167.0 1 484.0 14665.0 9.984484
SOLUSDT 5m brick2_rsi21 0.02 21 0.02 1.1 0.02 0.1 -4.453773 -38.567673 -30038.567673 14510.92646 7.01915 484.0 1844.0 167.0 1 484.0 14665.0 9.984484
SOLUSDT 5m brick2_rsi21 0.02 21 0.04 1.0 0.02 0.1 -2.145048 -3.824887 -30003.824887 32598.078081 1770.347998 1581.0 4841.0 142.0 1 1581.0 112256.0 9.995534
SOLUSDT 5m brick2_rsi21 0.02 21 0.04 1.1 0.01 0.05 -0.837872 -24.146757 -30024.146757 14079.911289 1002.417706 900.0 2262.0 109.0 1 900.0 27098.0 9.970262
SOLUSDT 15m brick0p5_rsi7 0.005 7 0.01 1.1 0.01 0.1 -0.95577 -212.351216 -30212.351216 116829.463005 408.088851 4416.0 15221.0 60.0 1 4416.0 27287.0 9.978349
SOLUSDT 15m brick0p5_rsi7 0.005 7 0.02 1.0 0.03 0.1 -2.225425 -19.523916 -30019.523916 72039.97922 307.446253 5698.0 12902.0 46.0 1 5698.0 65718.0 9.869564
SOLUSDT 15m brick0p5_rsi7 0.005 7 0.03 1.1 0.02 0.05 -0.626666 -40.089993 -30040.089993 33485.209833 208.634432 3121.0 6447.0 40.0 1 3121.0 26636.0 9.984367
SOLUSDT 15m brick0p5_rsi14 0.005 14 0.01 1.0 0.03 0.1 -0.544639 -26.754733 -30026.754733 54719.275401 -33.082834 2176.0 7649.0 87.0 1 2176.0 18184.0 9.987924
SOLUSDT 15m brick0p5_rsi14 0.005 14 0.04 1.0 0.02 0.05 -3.892912 -743.184534 -30743.184534 27625.813108 45.430021 2726.0 5489.0 19.0 1 2726.0 23972.0 10.019508
SOLUSDT 15m brick0p5_rsi21 0.005 21 0.01 1.1 0.02 0.05 -2.58541 -18.803432 -30018.803432 92699.992164 340.240294 3246.0 11762.0 48.0 1 3246.0 27305.0 25.78786
SOLUSDT 15m brick1_rsi7 0.01 7 0.02 1.0 0.03 0.1 -2.552552 -38.662936 -30038.662936 18823.306425 -30.121425 848.0 2731.0 131.0 1 848.0 11230.0 9.956422
SOLUSDT 15m brick1_rsi7 0.01 7 0.02 1.1 0.01 0.1 -1.784733 -59.400602 -30059.400602 73125.16026 -7.169792 3322.0 10229.0 80.0 1 3322.0 33560.0 9.993539
SOLUSDT 15m brick1_rsi7 0.01 7 0.02 1.1 0.03 0.05 -2.255583 -158.977081 -30158.977081 17727.856745 -20.855596 757.0 2428.0 94.0 1 757.0 10732.0 15.61674
SOLUSDT 15m brick1_rsi7 0.01 7 0.03 1.0 0.02 0.1 -3.339711 -102.152444 -30102.152444 62326.070462 -35.100702 4502.0 10732.0 184.0 1 4502.0 88159.0 9.784483
SOLUSDT 15m brick1_rsi7 0.01 7 0.03 1.0 0.03 0.1 -2.26794 -65.870793 -30065.870793 38276.522142 -174.839579 2643.0 6468.0 55.0 1 2643.0 59432.0 9.975071
SOLUSDT 15m brick1_rsi7 0.01 7 0.04 1.0 0.03 0.05 -0.174869 -11.518854 -30011.518854 29328.221369 -36.126183 2630.0 5562.0 169.0 1 2630.0 57142.0 9.871846
SOLUSDT 15m brick1_rsi14 0.01 14 0.03 1.0 0.02 0.05 -2.710909 -47.392792 -30047.392792 35456.821001 -30.009556 2645.0 6190.0 168.0 1 2645.0 44681.0 9.997576
SOLUSDT 15m brick1_rsi21 0.01 21 0.03 1.0 0.02 0.05 -1.983282 -10.255941 -30010.255941 32911.812155 -25.508024 2484.0 5775.0 81.0 1 2484.0 42927.0 12.078837
SOLUSDT 15m brick1_rsi21 0.01 21 0.04 1.0 0.03 0.05 -1.869465 -26.078436 -30026.078436 27002.78506 -42.289503 2435.0 5135.0 89.0 1 2435.0 52643.0 25.871852
SOLUSDT 15m brick2_rsi7 0.02 7 0.03 1.0 0.01 0.05 -0.965621 -45.531561 -30045.531561 11439.944134 -28.258267 564.0 1709.0 91.0 1 564.0 5534.0 15.541881
SOLUSDT 15m brick2_rsi7 0.02 7 0.03 1.1 0.02 0.05 -3.316427 -29.641797 -30029.641797 14075.410948 -150.056316 418.0 1730.0 43.0 1 418.0 8682.0 9.979724
SOLUSDT 15m brick2_rsi7 0.02 7 0.04 1.1 0.03 0.05 -3.02636 -67.711412 -30067.711412 12834.104016 -107.254054 525.0 1739.0 39.0 1 525.0 16852.0 38.310774
SOLUSDT 15m brick2_rsi14 0.02 14 0.02 1.1 0.01 0.1 -0.68359 -1682.402118 -31682.402118 10972.071833 18.259029 431.0 1459.0 72.0 1 431.0 3291.0 9.979075
SOLUSDT 15m brick2_rsi14 0.02 14 0.03 1.0 0.02 0.1 -0.044455 -26.369825 -30026.369825 11876.42574 -2.726431 426.0 1613.0 60.0 1 426.0 8448.0 9.991383
SOLUSDT 15m brick2_rsi14 0.02 14 0.04 1.1 0.02 0.05 -3.067217 -50.105372 -30050.105372 26423.299349 640.666065 1214.0 3727.0 70.0 1 1214.0 37707.0 9.989584
SOLUSDT 30m brick0p5_rsi7 0.005 7 0.04 1.0 0.01 0.05 -4.795256 -98.243154 -30098.243154 42813.700882 357.847663 4168.0 8449.0 22.0 1 4168.0 18383.0 9.961831
SOLUSDT 30m brick0p5_rsi7 0.005 7 0.04 1.0 0.01 0.1 -2.903833 -56.070828 -30056.070828 61506.601163 493.64102 5998.0 12149.0 48.0 1 5998.0 27136.0 9.81612
SOLUSDT 30m brick0p5_rsi7 0.005 7 0.04 1.1 0.03 0.05 -3.64747 -29.669705 -30029.669705 33668.642403 418.940396 3244.0 6600.0 43.0 1 3244.0 23412.0 9.953884
SOLUSDT 30m brick0p5_rsi14 0.005 14 0.03 1.1 0.02 0.05 -4.571962 -37.338089 -30037.338089 59608.593944 836.713185 5439.0 11348.0 129.0 1 5439.0 34901.0 9.909181
SOLUSDT 30m brick0p5_rsi14 0.005 14 0.03 1.1 0.03 0.05 -0.800888 -161.179493 -30161.179493 38690.920396 756.195738 3489.0 7320.0 35.0 1 3489.0 27212.0 9.993417
SOLUSDT 30m brick0p5_rsi14 0.005 14 0.04 1.1 0.02 0.1 -3.305474 -86.956324 -30086.956324 60593.94276 654.443549 5868.0 11908.0 55.0 1 5868.0 39357.0 9.813361
SOLUSDT 30m brick0p5_rsi21 0.005 21 0.02 1.0 0.03 0.1 -1.746285 -51.719996 -30051.719996 93452.22679 1221.328468 7192.0 16538.0 72.0 1 7192.0 57634.0 9.995588
SOLUSDT 30m brick0p5_rsi21 0.005 21 0.04 1.1 0.02 0.05 -0.589324 -114.169243 -30114.169243 36815.731328 498.997008 3552.0 7222.0 55.0 1 3552.0 23990.0 9.84941
SOLUSDT 30m brick1_rsi7 0.01 7 0.01 1.0 0.03 0.1 -2.185567 -84.674504 -30084.674504 8275.927753 51.424648 196.0 1024.0 82.0 1 196.0 976.0 9.998275
SOLUSDT 30m brick1_rsi7 0.01 7 0.02 1.0 0.02 0.1 -2.466966 -10.113337 -30010.113337 49206.389516 1429.2539 1994.0 6914.0 66.0 1 1994.0 18796.0 11.509015
SOLUSDT 30m brick1_rsi14 0.01 14 0.04 1.1 0.03 0.05 -1.581642 -23.192139 -30023.192139 31294.068195 115.267656 2721.0 5813.0 50.0 1 2721.0 38312.0 9.940085
SOLUSDT 30m brick1_rsi21 0.01 21 0.01 1.0 0.03 0.1 -3.360958 -642.162298 -30642.162298 10100.656195 149.090593 270.0 1279.0 128.0 1 270.0 1395.0 9.983415
SOLUSDT 30m brick2_rsi7 0.02 7 0.03 1.1 0.03 0.05 -0.796395 -11.013012 -30011.013012 9093.178288 -123.510559 279.0 1128.0 54.0 1 279.0 3691.0 10.954951
SOLUSDT 30m brick2_rsi7 0.02 7 0.04 1.1 0.01 0.1 -3.837401 -12.096384 -30012.096384 21955.464584 174.150947 1336.0 3448.0 91.0 1 1336.0 12855.0 9.934932
SOLUSDT 30m brick2_rsi7 0.02 7 0.04 1.1 0.03 0.1 -2.293312 -279.204721 -30279.204721 8790.071554 -28.863233 337.0 1166.0 28.0 1 337.0 6735.0 9.987049
SOLUSDT 30m brick2_rsi14 0.02 14 0.01 1.1 0.03 0.05 -3.271282 -122.588877 -30122.588877 3267.177238 0.584619 74.0 360.0 54.0 1 74.0 253.0 24.421735
SOLUSDT 1h brick1_rsi7 0.01 7 0.01 1.1 0.03 0.1 -4.532845 -1.204677 -30001.204677 5855.774144 186.246591 110.0 618.0 53.0 1 110.0 377.0 9.974192
SOLUSDT 1h brick1_rsi21 0.01 21 0.02 1.0 0.03 0.1 -0.787658 -48.950995 -30048.950995 25346.50173 -1396.810476 1061.0 3596.0 156.0 1 1061.0 6445.0 9.995523
SOLUSDT 1h brick1_rsi21 0.01 21 0.03 1.0 0.03 0.05 -1.388663 -23.018725 -30023.018725 27979.088179 -1282.557247 1822.0 4620.0 76.0 1 1822.0 14395.0 9.973551
SOLUSDT 1h brick2_rsi14 0.02 14 0.02 1.1 0.01 0.1 -3.365691 -129.470295 -30129.470295 26011.607015 -840.300497 1136.0 3568.0 160.0 1 1136.0 4106.0 49.130008
SOLUSDT 1h brick2_rsi21 0.02 21 0.04 1.0 0.03 0.1 -3.01462 -71.228674 -30071.228674 10873.203797 -1098.863214 498.0 1586.0 36.0 1 498.0 5878.0 24.022292
SOLUSDT 4h brick2_rsi7 0.02 7 0.02 1.1 0.03 0.05 -4.658402 -69.906036 -30069.906036 25621.200076 -684.135675 685.0 2992.0 127.0 1 685.0 2414.0 51.11704

by symbol: Counter({'BNBUSDT': 134, 'ETHUSDT': 123, 'SOLUSDT': 104, 'BTCUSDT': 91})
by timeframe: Counter({'5m': 236, '15m': 114, '30m': 63, '1h': 37, '4h': 2})
by case: Counter({'brick0p5_rsi7': 58, 'brick1_rsi7': 55, 'brick0p5_rsi21': 54, 'brick0p5_rsi14': 53, 'brick1_rsi21': 53, 'brick1_rsi14': 49, 'brick2_rsi7': 48, 'brick2_rsi14': 42, 'brick2_rsi21': 40})
by spacing_pct: Counter({'0.01': 148, '0.02': 127, '0.03': 98, '0.04': 79})
by size_multiplier: Counter({'1.1': 229, '1.0': 223})
by invalidation_pct: Counter({'0.1': 227, '0.05': 225})
halted: Counter({1: 452})
margin_calls>0: Counter({True: 452})

=== global counters on the full grid ===
halted rows: 4349
margin_calls total: 544340.0
rows ending equity < 0: 4350
  min ending_equity: -17665.63
rows with min_entry_equity <= 0 anywhere in all grids -- checked only full grid here
full-grid net_pnl: total=-22442934.80 positive=2214/8640
